 latency     num of prefetch L1 hits      num of prefetch L1 misses   
    50                  0                             0               
    55                  0                             0               
    60                  0                             0               
    65                  0                             0               
    70                 5734                           0               
    75                 2883                           0               
    80                27730                           0               
    85                 1287                           0               
    90                 2425                           0               
    95                 3244                           0               
   100                 595                            0               
   105                 438                            0               
   110                 639                            0               
   115                 340                            0               
   120                 455                            0               
   125                 263                            0               
   130                 406                            0               
   135                 279                            0               
   140                 383                            0               
   145                 183                            0               
   150                 341                            0               
   155                 150                            0               
   160                 234                            0               
   165                  91                            0               
   170                 212                            0               
   175                  32                            0               
   180                 253                            0               
   185                  20                            0               
   190                 138                           851              
   195                  22                           2997             
   200                  88                          15680             
   205                  7                            7114             
   210                  44                           9197             
   215                  59                           3231             
   220                  5                            2523             
   225                  1                            1338             
   230                  18                           911              
   235                  1                            415              
   240                  0                            515              
   245                  0                            305              
   250                  0                            435              
   255                  0                            215              
   260                  0                            392              
   265                  0                            221              
   270                  0                            275              
   275                  0                            151              
   280                  0                            196              
   285                  0                            186              
   290                  0                            214              
   295                  0                            161              
   300                  0                            145              
   305                  0                            179              
   310                  0                            139              
   315                  0                            116              
   320                  0                            141              
   325                  0                            102              
   330                  0                            103              
   335                  0                            143              
   340                  0                            109              
   345                  0                             71              
   350                  0                             81              
   355                  0                             20              
   360                  0                             49              
   365                  0                             9               
   370                  0                             29              
   375                  0                             6               
   380                  0                             15              
   385                  0                             4               
   390                  0                             6               
   395                  0                             11              
