 latency     num of prefetch L1 hits      num of prefetch L1 misses   
    50                  0                             0               
    55                  0                             0               
    60                  1                             0               
    65                14501                           0               
    70                 8684                           0               
    75                 4907                           0               
    80                10640                           0               
    85                 4862                           0               
    90                 997                            0               
    95                 372                            0               
   100                 663                            0               
   105                 295                            0               
   110                 407                            0               
   115                 195                            0               
   120                 436                            0               
   125                 183                            0               
   130                 268                            0               
   135                 211                            0               
   140                 159                            0               
   145                 120                            0               
   150                 191                            0               
   155                 156                            0               
   160                 113                            0               
   165                 123                            0               
   170                  41                            0               
   175                 128                            0               
   180                  42                            0               
   185                  98                            0               
   190                  33                            0               
   195                  57                            0               
   200                  97                            0               
   205                  4                             0               
   210                  13                            0               
   215                  3                             0               
   220                  1                             0               
   225                  0                             0               
   230                  0                             0               
   235                  0                             0               
   240                  0                             0               
   245                  0                             0               
   250                  0                             0               
   255                  0                             0               
   260                  0                             0               
   265                  0                             0               
   270                  0                             0               
   275                  0                             0               
   280                  0                             0               
   285                  0                             0               
   290                  0                             0               
   295                  0                             0               
   300                  0                             0               
   305                  0                             0               
   310                  0                             0               
   315                  0                             0               
   320                  0                             0               
   325                  0                             0               
   330                  0                             0               
   335                  0                             0               
   340                  0                             0               
   345                  0                             0               
   350                  0                             0               
   355                  0                             0               
   360                  0                             0               
   365                  0                             0               
   370                  0                             0               
   375                  0                             0               
   380                  0                             0               
   385                  0                             0               
   390                  0                             0               
   395                  0                           49000             
