 latency     num of prefetch L1 hits      num of prefetch L1 misses   
    50                  0                             0               
    55                  0                             0               
    60                  7                             22              
    65                29435                         29744             
    70                 9592                          9482             
    75                 1108                          1090             
    80                 3084                          2910             
    85                 965                           912              
    90                 768                           846              
    95                 498                           468              
   100                 701                           694              
   105                 292                           293              
   110                 447                           433              
   115                 267                           287              
   120                 365                           354              
   125                 170                           158              
   130                 307                           300              
   135                 232                           222              
   140                 210                           185              
   145                 163                           184              
   150                 125                           128              
   155                 171                           172              
   160                  23                            21              
   165                  29                            30              
   170                  4                             5               
   175                  8                             16              
   180                  3                             4               
   185                  18                            27              
   190                  5                             8               
   195                  0                             0               
   200                  1                             2               
   205                  0                             0               
   210                  0                             0               
   215                  0                             0               
   220                  0                             0               
   225                  0                             0               
   230                  0                             0               
   235                  0                             0               
   240                  0                             0               
   245                  0                             0               
   250                  0                             0               
   255                  0                             0               
   260                  0                             0               
   265                  0                             0               
   270                  0                             0               
   275                  0                             0               
   280                  0                             0               
   285                  0                             0               
   290                  0                             0               
   295                  0                             0               
   300                  0                             0               
   305                  0                             0               
   310                  0                             0               
   315                  0                             0               
   320                  0                             0               
   325                  0                             0               
   330                  0                             0               
   335                  0                             0               
   340                  0                             0               
   345                  0                             0               
   350                  0                             0               
   355                  0                             0               
   360                  0                             0               
   365                  0                             0               
   370                  0                             0               
   375                  0                             0               
   380                  0                             0               
   385                  0                             0               
   390                  0                             0               
   395                  0                             6               
