 latency     num of prefetch L1 hits      num of prefetch L1 misses   
    50                  0                             0               
    55                  0                             0               
    60                  3                             0               
    65                  4                             0               
    70                25109                           0               
    75                 4527                           0               
    80                 6918                           0               
    85                 5514                           0               
    90                 2541                           0               
    95                 429                            0               
   100                 664                            0               
   105                 291                            0               
   110                 310                            0               
   115                 170                            0               
   120                 257                            0               
   125                 134                            0               
   130                 330                            0               
   135                 223                            0               
   140                 262                            0               
   145                  65                            0               
   150                 334                            0               
   155                  91                            0               
   160                 184                            0               
   165                  76                            0               
   170                 146                            0               
   175                  71                            0               
   180                 189                            0               
   185                  29                            0               
   190                  55                            0               
   195                  3                             0               
   200                  36                            0               
   205                  11                            0               
   210                  6                             0               
   215                  12                            0               
   220                  1                             0               
   225                  1                             0               
   230                  2                             0               
   235                  0                             0               
   240                  0                             0               
   245                  0                             0               
   250                  0                             0               
   255                  0                             0               
   260                  0                             0               
   265                  0                             0               
   270                  0                             0               
   275                  0                             0               
   280                  0                             0               
   285                  0                             0               
   290                  0                             0               
   295                  0                             0               
   300                  0                             0               
   305                  0                             0               
   310                  0                             0               
   315                  0                             0               
   320                  0                             0               
   325                  0                             0               
   330                  0                             0               
   335                  0                             0               
   340                  0                             0               
   345                  0                             0               
   350                  0                             0               
   355                  0                             0               
   360                  0                             0               
   365                  0                             0               
   370                  0                             0               
   375                  0                             0               
   380                  0                             0               
   385                  0                             0               
   390                  0                             0               
   395                  0                           49003             
