 latency     num of prefetch L1 hits      num of prefetch L1 misses   
    50                  0                             0               
    55                  0                             0               
    60                  0                             0               
    65                  4                             0               
    70                 7030                           0               
    75                 2899                           0               
    80                 531                            0               
    85                18805                           0               
    90                13153                           0               
    95                 780                            0               
   100                 1081                           0               
   105                 402                            0               
   110                 680                            0               
   115                 441                            0               
   120                 488                            0               
   125                 237                            0               
   130                 465                            0               
   135                 321                            0               
   140                 278                            0               
   145                 204                            0               
   150                 213                            0               
   155                 259                            0               
   160                 170                            0               
   165                 160                            0               
   170                  50                            0               
   175                  88                            0               
   180                  27                            0               
   185                  59                            8               
   190                  21                           2508             
   195                  57                           6279             
   200                  94                           3817             
   205                  1                           13947             
   210                  1                           10929             
   215                  0                            1926             
   220                  0                            1700             
   225                  0                            1252             
   230                  0                            1550             
   235                  0                            510              
   240                  0                            653              
   245                  0                            368              
   250                  0                            431              
   255                  0                            257              
   260                  0                            430              
   265                  0                            267              
   270                  0                            305              
   275                  0                            120              
   280                  0                            215              
   285                  0                            159              
   290                  0                            176              
   295                  0                             73              
   300                  0                            139              
   305                  0                            139              
   310                  0                            159              
   315                  0                             80              
   320                  0                            179              
   325                  0                             32              
   330                  0                             68              
   335                  0                             45              
   340                  0                             50              
   345                  0                             50              
   350                  0                             74              
   355                  0                             35              
   360                  0                             42              
   365                  0                             8               
   370                  0                             9               
   375                  0                             1               
   380                  0                             1               
   385                  1                             0               
   390                  0                             0               
   395                  0                             10              
