 latency     num of prefetch L1 hits      num of prefetch L1 misses   
    50                  0                             0               
    55                  0                             0               
    60                  0                             0               
    65                 2658                           0               
    70                 1940                           0               
    75                 300                            0               
    80                29757                           0               
    85                 6790                           0               
    90                 1616                           0               
    95                 638                            0               
   100                 779                            0               
   105                 264                            0               
   110                 449                            0               
   115                 380                            0               
   120                 471                            0               
   125                 277                            0               
   130                 480                            0               
   135                 318                            0               
   140                 368                            0               
   145                 204                            0               
   150                 291                            0               
   155                 249                            0               
   160                 197                            0               
   165                 198                            0               
   170                  53                            0               
   175                  86                            0               
   180                  24                           1588             
   185                  69                           1180             
   190                  43                           9266             
   195                  37                          10751             
   200                  63                          10443             
   205                  1                            4021             
   210                  0                            3585             
   215                  0                            1521             
   220                  0                            1207             
   225                  0                            439              
   230                  0                            608              
   235                  0                            271              
   240                  0                            356              
   245                  0                            246              
   250                  0                            394              
   255                  0                            226              
   260                  0                            349              
   265                  0                            226              
   270                  0                            338              
   275                  0                            141              
   280                  0                            266              
   285                  0                            144              
   290                  0                            234              
   295                  0                            119              
   300                  0                            188              
   305                  0                            107              
   310                  0                            137              
   315                  0                             81              
   320                  0                            149              
   325                  0                             59              
   330                  0                             89              
   335                  0                             69              
   340                  0                             45              
   345                  0                             64              
   350                  0                             43              
   355                  0                             23              
   360                  0                             18              
   365                  0                             3               
   370                  0                             2               
   375                  0                             0               
   380                  0                             1               
   385                  0                             0               
   390                  0                             0               
   395                  0                             4               
