 latency     num of prefetch L1 hits      num of prefetch L1 misses   
    50                  0                             0               
    55                  0                             0               
    60                  0                             0               
    65                 3261                           0               
    70                16062                           0               
    75                 3144                           0               
    80                 7903                           0               
    85                 9833                           0               
    90                 5017                           0               
    95                 428                            0               
   100                 583                            0               
   105                 245                            0               
   110                 398                            0               
   115                 278                            0               
   120                 313                            0               
   125                 196                            0               
   130                 252                            0               
   135                 227                            0               
   140                 162                            0               
   145                 116                            0               
   150                 139                            0               
   155                 128                            0               
   160                  68                            0               
   165                  94                            0               
   170                  31                            0               
   175                  70                            0               
   180                  27                            0               
   185                  9                             0               
   190                  4                             0               
   195                  4                             0               
   200                  0                             0               
   205                  0                             0               
   210                  0                             0               
   215                  0                             0               
   220                  0                             0               
   225                  0                             0               
   230                  0                             0               
   235                  0                             0               
   240                  0                             0               
   245                  0                             0               
   250                  0                             0               
   255                  0                             0               
   260                  0                             0               
   265                  0                             0               
   270                  0                             0               
   275                  0                             0               
   280                  0                             0               
   285                  1                             0               
   290                  0                             0               
   295                  0                             0               
   300                  0                             0               
   305                  0                             0               
   310                  0                             0               
   315                  0                             0               
   320                  0                             0               
   325                  0                             0               
   330                  0                             0               
   335                  0                             0               
   340                  0                             0               
   345                  0                             0               
   350                  0                             0               
   355                  0                             0               
   360                  0                             0               
   365                  0                             0               
   370                  0                             0               
   375                  0                             0               
   380                  0                             0               
   385                  0                             0               
   390                  0                             0               
   395                  0                           49008             
