 latency     num of prefetch L1 hits      num of prefetch L1 misses   
    50                  0                             0               
    55                  0                             0               
    60                  0                             0               
    65                  5                             0               
    70                 3355                           0               
    75                14380                           0               
    80                12513                           0               
    85                10489                           0               
    90                 3278                           0               
    95                 809                            0               
   100                 686                            0               
   105                 335                            0               
   110                 361                            0               
   115                 281                            0               
   120                 410                            0               
   125                 166                            0               
   130                 286                            0               
   135                 228                            0               
   140                 229                            0               
   145                  95                            0               
   150                 244                            0               
   155                 133                            0               
   160                 170                            0               
   165                 117                            0               
   170                 141                            0               
   175                  17                            0               
   180                 167                            0               
   185                  5                             0               
   190                  24                            0               
   195                  2                             0               
   200                  23                            0               
   205                  1                             0               
   210                  29                            0               
   215                  17                            0               
   220                  0                             0               
   225                  0                             0               
   230                  0                             0               
   235                  0                             0               
   240                  0                             0               
   245                  0                             0               
   250                  0                             0               
   255                  0                             0               
   260                  0                             0               
   265                  0                             0               
   270                  0                             0               
   275                  0                             0               
   280                  0                             0               
   285                  0                             0               
   290                  0                             0               
   295                  0                             0               
   300                  0                             0               
   305                  0                             0               
   310                  0                             0               
   315                  0                             0               
   320                  0                             0               
   325                  0                             0               
   330                  0                             0               
   335                  0                             0               
   340                  0                             0               
   345                  0                             0               
   350                  0                             0               
   355                  0                             0               
   360                  0                             0               
   365                  0                             0               
   370                  0                             0               
   375                  0                             0               
   380                  0                             0               
   385                  0                             0               
   390                  0                             0               
   395                  0                           49005             
