 latency     num of prefetch L1 hits      num of prefetch L1 misses   
    50                  0                             0               
    55                  0                             0               
    60                  0                             0               
    65                12960                           0               
    70                 7107                           0               
    75                 1594                           0               
    80                14669                           0               
    85                 4844                           0               
    90                 1930                           0               
    95                 489                            0               
   100                 733                            0               
   105                 250                            0               
   110                 528                            0               
   115                 380                            0               
   120                 578                            0               
   125                 290                            0               
   130                 405                            0               
   135                 262                            0               
   140                 353                            0               
   145                 244                            0               
   150                 239                            0               
   155                 235                            0               
   160                 156                            0               
   165                 188                            0               
   170                  92                           166              
   175                 134                           5238             
   180                  43                           8527             
   185                  97                           4498             
   190                  21                          12300             
   195                  54                           4761             
   200                 114                           4067             
   205                  7                            1749             
   210                  2                            1557             
   215                  1                            715              
   220                  0                            722              
   225                  0                            350              
   230                  0                            466              
   235                  0                            251              
   240                  0                            411              
   245                  0                            269              
   250                  0                            311              
   255                  0                            125              
   260                  0                            320              
   265                  0                            229              
   270                  0                            315              
   275                  0                            156              
   280                  0                            186              
   285                  0                            148              
   290                  0                            152              
   295                  0                            130              
   300                  0                            101              
   305                  0                            103              
   310                  0                            186              
   315                  0                             82              
   320                  0                             86              
   325                  0                             84              
   330                  0                             13              
   335                  0                             42              
   340                  0                             92              
   345                  0                             56              
   350                  0                             17              
   355                  0                             8               
   360                  1                             6               
   365                  0                             1               
   370                  0                             0               
   375                  0                             0               
   380                  0                             0               
   385                  0                             0               
   390                  0                             0               
   395                  0                             5               
