 latency     num of prefetch L1 hits      num of prefetch L1 misses   
    50                  0                             0               
    55                  0                             0               
    60                  1                             0               
    65                 743                            0               
    70                25517                           0               
    75                 198                            0               
    80                 5039                           0               
    85                17277                           0               
    90                 219                            0               
    95                  3                             0               
   100                  1                             0               
   105                  0                             0               
   110                  0                             0               
   115                  0                             0               
   120                  0                             0               
   125                  0                             0               
   130                  0                             0               
   135                  0                             0               
   140                  0                             0               
   145                  0                             0               
   150                  0                             0               
   155                  0                             0               
   160                  0                             0               
   165                  0                             0               
   170                  0                             0               
   175                  0                             0               
   180                  0                            5948             
   185                  0                            6893             
   190                  0                            5651             
   195                  0                            9373             
   200                  0                            7446             
   205                  0                            4765             
   210                  0                            3759             
   215                  0                            2187             
   220                  0                            2072             
   225                  0                            364              
   230                  0                            431              
   235                  0                             45              
   240                  0                             45              
   245                  0                             12              
   250                  0                             4               
   255                  0                             1               
   260                  0                             0               
   265                  0                             0               
   270                  0                             0               
   275                  0                             0               
   280                  0                             0               
   285                  0                             0               
   290                  0                             0               
   295                  0                             0               
   300                  0                             0               
   305                  0                             0               
   310                  0                             0               
   315                  0                             0               
   320                  0                             0               
   325                  0                             0               
   330                  0                             0               
   335                  0                             0               
   340                  0                             0               
   345                  0                             0               
   350                  0                             0               
   355                  0                             0               
   360                  0                             0               
   365                  0                             0               
   370                  0                             0               
   375                  0                             0               
   380                  0                             0               
   385                  0                             0               
   390                  0                             0               
   395                  0                             7               
