 latency     num of prefetch L1 hits      num of prefetch L1 misses   
    50                  0                             0               
    55                  0                             0               
    60                  0                             0               
    65                 3208                           0               
    70                30419                           0               
    75                 619                            0               
    80                 3503                           0               
    85                 6006                           0               
    90                 1190                           0               
    95                 470                            0               
   100                 541                            0               
   105                 252                            0               
   110                 396                            0               
   115                 225                            0               
   120                 255                            0               
   125                 122                            0               
   130                 185                            0               
   135                 115                            0               
   140                  90                            0               
   145                  91                            0               
   150                 134                            0               
   155                 132                            0               
   160                 153                            0               
   165                 151                            0               
   170                  85                            0               
   175                 173                            0               
   180                  24                            0               
   185                 164                            0               
   190                  31                            0               
   195                  69                            0               
   200                 112                            0               
   205                  1                             0               
   210                  42                            0               
   215                  42                            0               
   220                  0                             0               
   225                  0                             0               
   230                  0                             0               
   235                  0                             0               
   240                  0                             0               
   245                  0                             0               
   250                  0                             0               
   255                  0                             0               
   260                  0                             0               
   265                  0                             0               
   270                  0                             0               
   275                  0                             0               
   280                  0                             0               
   285                  0                             0               
   290                  0                             0               
   295                  0                             0               
   300                  0                             0               
   305                  0                             0               
   310                  0                             0               
   315                  0                             0               
   320                  0                             0               
   325                  0                             0               
   330                  0                             0               
   335                  0                             0               
   340                  0                             0               
   345                  0                             0               
   350                  0                             0               
   355                  0                             0               
   360                  0                             0               
   365                  0                             0               
   370                  0                             0               
   375                  0                             0               
   380                  0                             0               
   385                  0                             0               
   390                  0                             0               
   395                  0                           49001             
