 latency     num of prefetch L1 hits      num of prefetch L1 misses   
    50                  0                             0               
    55                  0                             0               
    60                  1                             4               
    65                34857                         35674             
    70                 5634                          4988             
    75                 1017                          919              
    80                 3397                          3414             
    85                 712                           669              
    90                 793                           751              
    95                 467                           449              
   100                 676                           710              
   105                 325                           321              
   110                 470                           503              
   115                 241                           259              
   120                 225                           212              
   125                  47                            48              
   130                  47                            21              
   135                  35                            17              
   140                  35                            35              
   145                  5                             4               
   150                  13                            1               
   155                  1                             0               
   160                  0                             0               
   165                  0                             0               
   170                  0                             0               
   175                  0                             0               
   180                  0                             0               
   185                  0                             0               
   190                  0                             0               
   195                  0                             0               
   200                  0                             0               
   205                  0                             0               
   210                  0                             0               
   215                  0                             0               
   220                  0                             0               
   225                  0                             0               
   230                  0                             0               
   235                  0                             0               
   240                  0                             0               
   245                  0                             0               
   250                  0                             0               
   255                  0                             0               
   260                  0                             0               
   265                  0                             0               
   270                  0                             0               
   275                  0                             0               
   280                  0                             0               
   285                  0                             0               
   290                  0                             0               
   295                  0                             0               
   300                  0                             0               
   305                  0                             0               
   310                  0                             0               
   315                  0                             0               
   320                  0                             0               
   325                  0                             0               
   330                  0                             0               
   335                  0                             0               
   340                  0                             0               
   345                  0                             0               
   350                  0                             0               
   355                  0                             0               
   360                  0                             0               
   365                  0                             0               
   370                  0                             0               
   375                  0                             0               
   380                  0                             0               
   385                  0                             0               
   390                  0                             0               
   395                  0                             4               
