 latency     num of prefetch L1 hits      num of prefetch L1 misses   
    50                  0                             0               
    55                  0                             0               
    60                  32                            0               
    65                 8463                           0               
    70                 4304                           0               
    75                  94                            0               
    80                34506                           0               
    85                 1546                           0               
    90                  52                            0               
    95                  1                             0               
   100                  0                             0               
   105                  0                             0               
   110                  0                             0               
   115                  0                             0               
   120                  0                             0               
   125                  0                             0               
   130                  0                             0               
   135                  0                             0               
   140                  0                             0               
   145                  0                             0               
   150                  0                             0               
   155                  0                             0               
   160                  0                             0               
   165                  0                             0               
   170                  0                             0               
   175                  0                             0               
   180                  0                             0               
   185                  0                             0               
   190                  0                            800              
   195                  0                            2850             
   200                  0                            3738             
   205                  1                            8988             
   210                  2                           16077             
   215                  0                            5696             
   220                  0                            4299             
   225                  0                            2071             
   230                  0                            1916             
   235                  0                            722              
   240                  0                            679              
   245                  0                            411              
   250                  0                            430              
   255                  0                            101              
   260                  0                            127              
   265                  0                             24              
   270                  0                             18              
   275                  0                             15              
   280                  0                             12              
   285                  0                             5               
   290                  0                             7               
   295                  0                             3               
   300                  0                             2               
   305                  0                             1               
   310                  0                             3               
   315                  0                             0               
   320                  0                             0               
   325                  0                             0               
   330                  0                             0               
   335                  0                             0               
   340                  0                             1               
   345                  0                             0               
   350                  0                             0               
   355                  0                             0               
   360                  0                             0               
   365                  0                             0               
   370                  0                             0               
   375                  0                             0               
   380                  0                             0               
   385                  0                             0               
   390                  0                             0               
   395                  0                             4               
