 latency     num of prefetch L1 hits      num of prefetch L1 misses   
    50                  0                             0               
    55                  0                             0               
    60                  0                             0               
    65                 532                            0               
    70                19944                           0               
    75                 625                            0               
    80                 4016                           0               
    85                16835                           0               
    90                 3436                           0               
    95                 563                            0               
   100                 651                            0               
   105                 202                            0               
   110                 353                            0               
   115                 164                            0               
   120                 299                            0               
   125                 124                            0               
   130                 247                            0               
   135                 169                            0               
   140                 196                            0               
   145                 112                            0               
   150                  87                            0               
   155                 114                            0               
   160                  66                            0               
   165                  90                            0               
   170                  43                            0               
   175                  61                            0               
   180                  15                            0               
   185                  41                            0               
   190                  5                             0               
   195                  0                             0               
   200                  2                             0               
   205                  1                             0               
   210                  0                             0               
   215                  0                             0               
   220                  0                             0               
   225                  0                             0               
   230                  0                             0               
   235                  0                             0               
   240                  0                             0               
   245                  0                             0               
   250                  0                             0               
   255                  0                             0               
   260                  0                             0               
   265                  0                             0               
   270                  0                             0               
   275                  0                             0               
   280                  0                             0               
   285                  0                             0               
   290                  1                             0               
   295                  1                             0               
   300                  0                             0               
   305                  0                             0               
   310                  0                             0               
   315                  0                             0               
   320                  0                             0               
   325                  0                             0               
   330                  0                             0               
   335                  0                             0               
   340                  0                             0               
   345                  0                             0               
   350                  0                             0               
   355                  0                             0               
   360                  0                             0               
   365                  0                             0               
   370                  0                             0               
   375                  0                             0               
   380                  0                             0               
   385                  0                             0               
   390                  0                             0               
   395                  0                           49006             
