 latency     num of prefetch L1 hits      num of prefetch L1 misses   
    50                  0                             0               
    55                  0                             0               
    60                  0                             0               
    65                 1939                          2032             
    70                39667                         39810             
    75                 1624                          1421             
    80                 1133                          1120             
    85                 794                           812              
    90                 803                           780              
    95                 440                           464              
   100                 705                           672              
   105                 276                           277              
   110                 484                           478              
   115                 277                           275              
   120                 338                           361              
   125                 163                           174              
   130                 245                           224              
   135                  79                            72              
   140                  24                            20              
   145                  3                             1               
   150                  1                             2               
   155                  0                             1               
   160                  2                             2               
   165                  2                             2               
   170                  0                             0               
   175                  0                             0               
   180                  0                             0               
   185                  0                             0               
   190                  0                             0               
   195                  0                             0               
   200                  0                             0               
   205                  0                             0               
   210                  0                             0               
   215                  0                             0               
   220                  0                             0               
   225                  0                             0               
   230                  0                             0               
   235                  0                             0               
   240                  0                             0               
   245                  0                             0               
   250                  0                             0               
   255                  0                             0               
   260                  0                             0               
   265                  0                             0               
   270                  0                             0               
   275                  0                             0               
   280                  0                             0               
   285                  0                             0               
   290                  0                             0               
   295                  0                             0               
   300                  0                             0               
   305                  0                             0               
   310                  0                             0               
   315                  0                             0               
   320                  0                             0               
   325                  0                             0               
   330                  0                             0               
   335                  0                             0               
   340                  0                             0               
   345                  0                             0               
   350                  0                             0               
   355                  0                             0               
   360                  0                             0               
   365                  0                             0               
   370                  0                             0               
   375                  0                             0               
   380                  0                             0               
   385                  0                             0               
   390                  0                             0               
   395                  0                             2               
