 latency     num of prefetch L1 hits      num of prefetch L1 misses   
    50                  0                             0               
    55                  0                             0               
    60                  21                            0               
    65                12016                           0               
    70                 4225                           0               
    75                 1759                           0               
    80                20196                           0               
    85                 4653                           0               
    90                 843                            0               
    95                 606                            0               
   100                 738                            0               
   105                 362                            0               
   110                 494                            0               
   115                 271                            0               
   120                 412                            0               
   125                 204                            0               
   130                 291                            0               
   135                 147                            0               
   140                 177                            0               
   145                 157                            0               
   150                 173                            0               
   155                 229                            0               
   160                 192                            0               
   165                 297                            0               
   170                 107                            0               
   175                 200                            0               
   180                  35                            0               
   185                  83                            0               
   190                  18                            0               
   195                  11                            0               
   200                  26                            0               
   205                  0                             0               
   210                  25                            0               
   215                  28                            0               
   220                  0                             0               
   225                  3                             0               
   230                  0                             0               
   235                  0                             0               
   240                  0                             0               
   245                  0                             0               
   250                  0                             0               
   255                  0                             0               
   260                  0                             0               
   265                  0                             0               
   270                  0                             0               
   275                  0                             0               
   280                  0                             0               
   285                  0                             0               
   290                  0                             0               
   295                  0                             0               
   300                  0                             0               
   305                  0                             0               
   310                  0                             0               
   315                  0                             0               
   320                  0                             0               
   325                  0                             0               
   330                  0                             0               
   335                  0                             0               
   340                  0                             0               
   345                  0                             0               
   350                  0                             0               
   355                  0                             0               
   360                  0                             0               
   365                  0                             0               
   370                  0                             0               
   375                  0                             0               
   380                  0                             0               
   385                  0                             0               
   390                  0                             0               
   395                  0                           49002             
