 latency     num of prefetch L1 hits      num of prefetch L1 misses   
    50                  0                             0               
    55                  0                             0               
    60                  0                             0               
    65                  74                            0               
    70                 8102                           0               
    75                 567                            0               
    80                 3214                           0               
    85                24519                           0               
    90                 6055                           0               
    95                 735                            0               
   100                 730                            0               
   105                 329                            0               
   110                 554                            0               
   115                 428                            0               
   120                 548                            0               
   125                 290                            0               
   130                 482                            0               
   135                 285                            0               
   140                 296                            0               
   145                 162                            0               
   150                 228                            0               
   155                 296                            0               
   160                  78                            0               
   165                 280                            0               
   170                 104                            0               
   175                 248                            0               
   180                  63                            9               
   185                  79                           711              
   190                  26                           3733             
   195                  13                           1989             
   200                  95                          13634             
   205                  9                           11498             
   210                  56                           5725             
   215                  46                           2482             
   220                  4                            3037             
   225                  0                            702              
   230                  1                            650              
   235                  0                            400              
   240                  0                            465              
   245                  0                            314              
   250                  1                            358              
   255                  0                            205              
   260                  1                            336              
   265                  0                            208              
   270                  0                            299              
   275                  1                            125              
   280                  0                            265              
   285                  0                            185              
   290                  0                            231              
   295                  0                            111              
   300                  0                            179              
   305                  1                            100              
   310                  0                            162              
   315                  0                            137              
   320                  0                            106              
   325                  0                            100              
   330                  0                            107              
   335                  0                             58              
   340                  0                             61              
   345                  0                             65              
   350                  0                             60              
   355                  0                             22              
   360                  0                            105              
   365                  0                             15              
   370                  0                             19              
   375                  0                             5               
   380                  0                             8               
   385                  0                             1               
   390                  0                             3               
   395                  0                             16              
