 latency     num of prefetch L1 hits      num of prefetch L1 misses   
    50                  0                             0               
    55                  0                             0               
    60                  3                             0               
    65                  4                             0               
    70                13896                           0               
    75                 3601                           0               
    80                12125                           0               
    85                 7238                           0               
    90                 6801                           0               
    95                 775                            0               
   100                 620                            0               
   105                 323                            0               
   110                 440                            0               
   115                 296                            0               
   120                 365                            0               
   125                 220                            0               
   130                 325                            0               
   135                 241                            0               
   140                 305                            0               
   145                  97                            0               
   150                 215                            0               
   155                  91                            0               
   160                 130                            0               
   165                 134                            0               
   170                 142                            0               
   175                 114                            0               
   180                 171                            0               
   185                  62                            0               
   190                  53                            0               
   195                  11                            0               
   200                 120                            0               
   205                  3                             0               
   210                  33                            0               
   215                  22                            0               
   220                  9                             0               
   225                  13                            0               
   230                  2                             0               
   235                  0                             0               
   240                  0                             0               
   245                  0                             0               
   250                  0                             0               
   255                  0                             0               
   260                  0                             0               
   265                  0                             0               
   270                  0                             0               
   275                  0                             0               
   280                  0                             0               
   285                  0                             0               
   290                  0                             0               
   295                  0                             0               
   300                  0                             0               
   305                  0                             0               
   310                  0                             0               
   315                  0                             0               
   320                  0                             0               
   325                  0                             0               
   330                  0                             0               
   335                  0                             0               
   340                  0                             0               
   345                  0                             0               
   350                  0                             0               
   355                  0                             0               
   360                  0                             0               
   365                  0                             0               
   370                  0                             0               
   375                  0                             0               
   380                  0                             0               
   385                  0                             0               
   390                  0                             0               
   395                  0                           49001             
