 latency     num of prefetch L1 hits      num of prefetch L1 misses   
    50                  0                             0               
    55                  0                             0               
    60                  0                             0               
    65                 1209                           0               
    70                30275                           0               
    75                 4788                           0               
    80                 1812                           0               
    85                 4929                           0               
    90                 1209                           0               
    95                 577                            0               
   100                 835                            0               
   105                 366                            0               
   110                 479                            0               
   115                 277                            0               
   120                 429                            0               
   125                 184                            0               
   130                 308                            0               
   135                 269                            0               
   140                 171                            0               
   145                 164                            0               
   150                 160                            0               
   155                 140                            0               
   160                 144                            0               
   165                 148                            0               
   170                  36                            0               
   175                  28                            0               
   180                  8                             0               
   185                  21                           1451             
   190                  5                           12436             
   195                  4                            9618             
   200                  17                           8820             
   205                  1                            5168             
   210                  1                            3792             
   215                  1                            1153             
   220                  0                            1315             
   225                  0                            497              
   230                  0                            649              
   235                  0                            361              
   240                  0                            468              
   245                  0                            320              
   250                  0                            358              
   255                  0                            137              
   260                  1                            266              
   265                  0                            255              
   270                  0                            331              
   275                  0                            115              
   280                  0                            153              
   285                  0                            142              
   290                  1                            194              
   295                  0                            112              
   300                  0                            166              
   305                  0                            102              
   310                  0                            159              
   315                  0                             88              
   320                  0                             93              
   325                  0                             39              
   330                  0                            119              
   335                  0                             23              
   340                  1                             40              
   345                  0                             11              
   350                  0                             12              
   355                  0                             12              
   360                  0                             5               
   365                  0                             2               
   370                  0                             1               
   375                  0                             2               
   380                  0                             1               
   385                  0                             0               
   390                  0                             0               
   395                  0                             17              
