 latency     num of prefetch L1 hits      num of prefetch L1 misses   
    50                  0                             0               
    55                  0                             0               
    60                  18                            0               
    65                 7507                           0               
    70                 5196                           0               
    75                 2021                           0               
    80                18632                           0               
    85                 8424                           0               
    90                 1989                           0               
    95                 449                            0               
   100                 539                            0               
   105                 253                            0               
   110                 529                            0               
   115                 265                            0               
   120                 395                            0               
   125                 200                            0               
   130                 385                            0               
   135                 227                            0               
   140                 243                            0               
   145                  73                            0               
   150                 322                            0               
   155                 142                            0               
   160                 155                            0               
   165                 278                            0               
   170                 111                            0               
   175                 200                            0               
   180                  39                            0               
   185                 110                            0               
   190                  46                            0               
   195                  82                            0               
   200                  95                            0               
   205                  28                            0               
   210                  41                            0               
   215                  3                             0               
   220                  0                             0               
   225                  0                             0               
   230                  0                             0               
   235                  0                             0               
   240                  0                             0               
   245                  0                             0               
   250                  0                             0               
   255                  0                             0               
   260                  0                             0               
   265                  0                             0               
   270                  0                             0               
   275                  0                             0               
   280                  0                             0               
   285                  0                             0               
   290                  0                             0               
   295                  0                             0               
   300                  0                             0               
   305                  0                             0               
   310                  0                             0               
   315                  0                             0               
   320                  0                             0               
   325                  0                             0               
   330                  0                             0               
   335                  0                             0               
   340                  0                             0               
   345                  0                             0               
   350                  0                             0               
   355                  0                             0               
   360                  0                             0               
   365                  0                             0               
   370                  0                             0               
   375                  0                             0               
   380                  0                             0               
   385                  0                             0               
   390                  0                             0               
   395                  0                           49004             
