 latency     num of prefetch L1 hits      num of prefetch L1 misses   
    50                  0                             0               
    55                  0                             0               
    60                  16                            0               
    65                22921                           0               
    70                 9152                           0               
    75                 2908                           0               
    80                 7479                           0               
    85                 1987                           0               
    90                 841                            0               
    95                 403                            0               
   100                 556                            0               
   105                 233                            0               
   110                 276                            0               
   115                 170                            0               
   120                 303                            0               
   125                 177                            0               
   130                 332                            0               
   135                 297                            0               
   140                 186                            0               
   145                 165                            0               
   150                 147                            0               
   155                 184                            0               
   160                  72                            0               
   165                  62                            0               
   170                  31                            0               
   175                  46                            0               
   180                  14                            0               
   185                  17                            0               
   190                  4                             0               
   195                  7                             0               
   200                  8                             0               
   205                  0                             0               
   210                  0                             0               
   215                  0                             0               
   220                  0                             0               
   225                  0                             0               
   230                  0                             0               
   235                  0                             0               
   240                  0                             0               
   245                  0                             0               
   250                  0                             0               
   255                  0                             0               
   260                  0                             0               
   265                  0                             0               
   270                  0                             0               
   275                  0                             0               
   280                  0                             0               
   285                  0                             0               
   290                  0                             0               
   295                  0                             0               
   300                  0                             0               
   305                  0                             0               
   310                  0                             0               
   315                  0                             0               
   320                  0                             0               
   325                  0                             0               
   330                  0                             0               
   335                  0                             0               
   340                  0                             0               
   345                  0                             0               
   350                  0                             0               
   355                  0                             0               
   360                  0                             0               
   365                  0                             0               
   370                  0                             0               
   375                  0                             0               
   380                  0                             0               
   385                  0                             0               
   390                  0                             0               
   395                  0                           49007             
