 latency     num of prefetch L1 hits      num of prefetch L1 misses   
    50                  0                             0               
    55                  0                             0               
    60                  0                             0               
    65                 1089                           0               
    70                10082                           0               
    75                 1112                           0               
    80                 9645                           0               
    85                18316                           0               
    90                 2408                           0               
    95                 423                            0               
   100                 750                            0               
   105                 539                            0               
   110                 646                            0               
   115                 369                            0               
   120                 532                            0               
   125                 208                            0               
   130                 384                            0               
   135                 299                            0               
   140                 353                            0               
   145                 134                            0               
   150                 234                            0               
   155                 176                            0               
   160                 164                            0               
   165                 206                            0               
   170                 111                            0               
   175                 275                            0               
   180                  66                           424              
   185                 179                           1901             
   190                  42                           7292             
   195                  67                           4542             
   200                 127                          13589             
   205                  0                            8262             
   210                  29                           3543             
   215                  35                           1280             
   220                  0                            1708             
   225                  0                            642              
   230                  0                            818              
   235                  0                            437              
   240                  0                            514              
   245                  0                            291              
   250                  0                            487              
   255                  0                            230              
   260                  0                            322              
   265                  0                            195              
   270                  0                            289              
   275                  0                            134              
   280                  0                            252              
   285                  0                            180              
   290                  0                            247              
   295                  0                             92              
   300                  0                            183              
   305                  0                            120              
   310                  0                            128              
   315                  0                            116              
   320                  0                            156              
   325                  0                             70              
   330                  0                            137              
   335                  0                             41              
   340                  0                             27              
   345                  0                             84              
   350                  0                             36              
   355                  0                             15              
   360                  0                            138              
   365                  0                             11              
   370                  0                             47              
   375                  0                             7               
   380                  0                             7               
   385                  0                             0               
   390                  0                             4               
   395                  0                             3               
