 latency     num of prefetch L1 hits      num of prefetch L1 misses   
    50                  0                             0               
    55                  0                             0               
    60                  0                             0               
    65                 602                            0               
    70                11067                           0               
    75                 2577                           0               
    80                 5248                           0               
    85                13704                           0               
    90                11288                           0               
    95                 712                            0               
   100                 593                            0               
   105                 286                            0               
   110                 358                            0               
   115                 197                            0               
   120                 285                            0               
   125                 133                            0               
   130                 217                            0               
   135                 126                            0               
   140                 168                            0               
   145                 102                            0               
   150                 213                            0               
   155                 186                            0               
   160                 146                            0               
   165                 218                            0               
   170                  73                            0               
   175                 201                            0               
   180                  28                            0               
   185                  75                            0               
   190                  43                            0               
   195                  20                            0               
   200                  60                            0               
   205                  1                             0               
   210                  22                            0               
   215                  40                            0               
   220                  3                             0               
   225                  1                             0               
   230                  0                             0               
   235                  0                             0               
   240                  0                             0               
   245                  0                             0               
   250                  0                             0               
   255                  1                             0               
   260                  0                             0               
   265                  0                             0               
   270                  0                             0               
   275                  0                             0               
   280                  0                             0               
   285                  0                             0               
   290                  0                             0               
   295                  0                             0               
   300                  0                             0               
   305                  1                             0               
   310                  0                             0               
   315                  0                             0               
   320                  0                             0               
   325                  0                             0               
   330                  0                             0               
   335                  0                             0               
   340                  0                             0               
   345                  0                             0               
   350                  0                             0               
   355                  0                             0               
   360                  0                             0               
   365                  0                             0               
   370                  1                             0               
   375                  0                             0               
   380                  0                             0               
   385                  0                             0               
   390                  0                             0               
   395                  0                           49005             
