 latency     num of prefetch L1 hits      num of prefetch L1 misses   
    50                  0                             0               
    55                  0                             0               
    60                  0                             0               
    65                 909                            0               
    70                21333                           0               
    75                 1016                           0               
    80                 3568                           0               
    85                13660                           0               
    90                 3889                           0               
    95                 565                            0               
   100                 704                            0               
   105                 294                            0               
   110                 414                            0               
   115                 262                            0               
   120                 309                            0               
   125                 249                            0               
   130                 319                            0               
   135                 222                            0               
   140                 219                            0               
   145                 134                            0               
   150                  94                            0               
   155                 111                            0               
   160                  69                            0               
   165                  90                            0               
   170                  50                            0               
   175                  87                            0               
   180                  34                            0               
   185                 105                            0               
   190                  35                            0               
   195                  82                            0               
   200                 102                            0               
   205                  1                             0               
   210                  38                            0               
   215                  36                            0               
   220                  0                             0               
   225                  0                             0               
   230                  0                             0               
   235                  0                             0               
   240                  0                             0               
   245                  0                             0               
   250                  0                             0               
   255                  0                             0               
   260                  0                             0               
   265                  0                             0               
   270                  0                             0               
   275                  0                             0               
   280                  0                             0               
   285                  0                             0               
   290                  0                             0               
   295                  0                             0               
   300                  0                             0               
   305                  0                             0               
   310                  0                             0               
   315                  0                             0               
   320                  0                             0               
   325                  0                             0               
   330                  0                             0               
   335                  0                             0               
   340                  0                             0               
   345                  0                             0               
   350                  0                             0               
   355                  0                             0               
   360                  0                             0               
   365                  0                             0               
   370                  0                             0               
   375                  0                             0               
   380                  0                             0               
   385                  0                             0               
   390                  0                             0               
   395                  0                           49001             
