 latency     num of prefetch L1 hits      num of prefetch L1 misses   
    50                  0                             0               
    55                  0                             0               
    60                  0                             0               
    65                 298                            0               
    70                 6956                           0               
    75                 2065                           0               
    80                 4589                           0               
    85                15356                           0               
    90                14611                           0               
    95                 641                            0               
   100                 651                            0               
   105                 279                            0               
   110                 345                            0               
   115                 323                            0               
   120                 361                            0               
   125                 263                            0               
   130                 253                            0               
   135                 238                            0               
   140                 238                            0               
   145                  80                            0               
   150                 234                            0               
   155                 175                            0               
   160                 130                            0               
   165                 237                            0               
   170                  49                            0               
   175                 218                            0               
   180                  54                            0               
   185                 139                            0               
   190                  55                            0               
   195                  62                            0               
   200                  64                            0               
   205                  14                            0               
   210                  18                            0               
   215                  0                             0               
   220                  0                             0               
   225                  0                             0               
   230                  0                             0               
   235                  0                             0               
   240                  0                             0               
   245                  0                             0               
   250                  0                             0               
   255                  0                             0               
   260                  0                             0               
   265                  0                             0               
   270                  0                             0               
   275                  0                             0               
   280                  0                             0               
   285                  0                             0               
   290                  0                             0               
   295                  0                             0               
   300                  0                             0               
   305                  0                             0               
   310                  0                             0               
   315                  0                             0               
   320                  0                             0               
   325                  0                             0               
   330                  0                             0               
   335                  0                             0               
   340                  0                             0               
   345                  0                             0               
   350                  0                             0               
   355                  0                             0               
   360                  0                             0               
   365                  0                             0               
   370                  0                             0               
   375                  0                             0               
   380                  0                             0               
   385                  0                             0               
   390                  0                             0               
   395                  0                           49005             
