 latency     num of prefetch L1 hits      num of prefetch L1 misses   
    50                  0                             0               
    55                  0                             0               
    60                  1                             0               
    65                13030                           0               
    70                 9058                           0               
    75                 719                            0               
    80                13948                           0               
    85                 3036                           0               
    90                 1410                           0               
    95                 1025                           0               
   100                 1414                           0               
   105                 681                            0               
   110                 874                            0               
   115                 389                            0               
   120                 505                            0               
   125                 160                            0               
   130                 304                            0               
   135                 211                            0               
   140                 189                            0               
   145                 305                            0               
   150                 177                            0               
   155                 360                            0               
   160                 145                            0               
   165                 292                            0               
   170                 100                            0               
   175                 244                           1312             
   180                  50                          11881             
   185                  77                           4358             
   190                 178                           9481             
   195                  25                           6932             
   200                  11                           3145             
   205                  0                            1453             
   210                  17                           1819             
   215                  38                           928              
   220                  2                            1235             
   225                  5                            718              
   230                  17                           996              
   235                  2                            396              
   240                  0                            610              
   245                  0                            276              
   250                  0                            335              
   255                  0                             95              
   260                  0                            349              
   265                  0                            272              
   270                  0                            275              
   275                  0                            259              
   280                  0                            212              
   285                  0                            192              
   290                  0                            135              
   295                  0                            137              
   300                  0                             91              
   305                  0                            107              
   310                  0                             81              
   315                  0                            139              
   320                  0                            112              
   325                  0                            115              
   330                  0                            149              
   335                  0                             25              
   340                  0                            111              
   345                  0                             85              
   350                  0                             34              
   355                  0                             15              
   360                  0                             70              
   365                  0                             26              
   370                  0                             24              
   375                  0                             3               
   380                  0                             9               
   385                  0                             0               
   390                  0                             0               
   395                  0                             5               
