 latency     num of prefetch L1 hits      num of prefetch L1 misses   
    50                  0                             0               
    55                  0                             0               
    60                 196                           189              
    65                36872                         36919             
    70                 4407                          4364             
    75                 934                           946              
    80                 1136                          1129             
    85                 637                           646              
    90                 790                           761              
    95                 450                           487              
   100                 667                           638              
   105                 255                           292              
   110                 476                           419              
   115                 284                           299              
   120                 339                           350              
   125                 159                           148              
   130                 265                           286              
   135                 235                           220              
   140                 182                           197              
   145                 162                           150              
   150                 144                           123              
   155                 132                           157              
   160                 126                           137              
   165                 123                           105              
   170                  13                            20              
   175                  13                            12              
   180                  2                             1               
   185                  0                             1               
   190                  0                             0               
   195                  1                             2               
   200                  0                             0               
   205                  0                             0               
   210                  0                             0               
   215                  0                             0               
   220                  0                             0               
   225                  0                             0               
   230                  0                             0               
   235                  0                             0               
   240                  0                             0               
   245                  0                             0               
   250                  0                             0               
   255                  0                             0               
   260                  0                             0               
   265                  0                             0               
   270                  0                             0               
   275                  0                             0               
   280                  0                             0               
   285                  0                             0               
   290                  0                             0               
   295                  0                             0               
   300                  0                             0               
   305                  0                             0               
   310                  0                             0               
   315                  0                             0               
   320                  0                             0               
   325                  0                             0               
   330                  0                             0               
   335                  0                             0               
   340                  0                             0               
   345                  0                             0               
   350                  0                             0               
   355                  0                             0               
   360                  0                             0               
   365                  0                             0               
   370                  0                             0               
   375                  0                             0               
   380                  0                             0               
   385                  0                             0               
   390                  0                             0               
   395                  0                             3               
