 latency     num of prefetch L1 hits      num of prefetch L1 misses   
    50                  0                             0               
    55                  0                             0               
    60                  0                             0               
    65                  0                             0               
    70                 6672                           0               
    75                 2463                           0               
    80                 888                            0               
    85                21895                           0               
    90                 7174                           0               
    95                 917                            0               
   100                 1660                           0               
   105                 850                            0               
   110                 925                            0               
   115                 462                            0               
   120                 488                            0               
   125                 268                            0               
   130                 466                            0               
   135                 400                            0               
   140                 549                            0               
   145                  98                            0               
   150                 476                            0               
   155                 153                            0               
   160                 298                            0               
   165                 221                           681              
   170                 235                           4174             
   175                  21                           2948             
   180                 190                          11578             
   185                  10                          13593             
   190                 368                           4128             
   195                  71                           1080             
   200                  64                           2176             
   205                 297                           1020             
   210                 108                           914              
   215                 155                           620              
   220                  75                           755              
   225                  38                           489              
   230                  37                           477              
   235                  1                            274              
   240                  3                            410              
   245                  4                            157              
   250                  0                            295              
   255                  0                            118              
   260                  0                            332              
   265                  0                            318              
   270                  0                            340              
   275                  0                            210              
   280                  0                            267              
   285                  0                            124              
   290                  0                            224              
   295                  0                             99              
   300                  0                            225              
   305                  0                            200              
   310                  0                             77              
   315                  0                            127              
   320                  0                            234              
   325                  0                             38              
   330                  0                             84              
   335                  0                             22              
   340                  0                             46              
   345                  0                             56              
   350                  0                             43              
   355                  0                             11              
   360                  0                             23              
   365                  0                             1               
   370                  0                             5               
   375                  0                             2               
   380                  0                             0               
   385                  0                             0               
   390                  0                             0               
   395                  0                             6               
