 latency     num of prefetch L1 hits      num of prefetch L1 misses   
    50                  0                             0               
    55                  0                             0               
    60                  0                             0               
    65                 549                            0               
    70                15198                           0               
    75                 5069                           0               
    80                 9796                           0               
    85                 6235                           0               
    90                 7800                           0               
    95                 629                            0               
   100                 641                            0               
   105                 348                            0               
   110                 553                            0               
   115                 231                            0               
   120                 321                            0               
   125                 207                            0               
   130                 244                            0               
   135                 198                            0               
   140                 246                            0               
   145                 160                            0               
   150                 135                            0               
   155                  91                            0               
   160                  88                            0               
   165                  61                            0               
   170                  35                            0               
   175                  63                            0               
   180                  16                            0               
   185                  45                            0               
   190                  15                            0               
   195                  22                            0               
   200                  2                             0               
   205                  0                             0               
   210                  1                             0               
   215                  0                             0               
   220                  0                             0               
   225                  0                             0               
   230                  0                             0               
   235                  0                             0               
   240                  0                             0               
   245                  0                             0               
   250                  0                             0               
   255                  0                             0               
   260                  0                             0               
   265                  0                             0               
   270                  0                             0               
   275                  0                             0               
   280                  0                             0               
   285                  0                             0               
   290                  0                             0               
   295                  0                             0               
   300                  0                             0               
   305                  0                             0               
   310                  1                             0               
   315                  0                             0               
   320                  0                             0               
   325                  0                             0               
   330                  0                             0               
   335                  0                             0               
   340                  0                             0               
   345                  0                             0               
   350                  0                             0               
   355                  0                             0               
   360                  0                             0               
   365                  0                             0               
   370                  0                             0               
   375                  0                             0               
   380                  0                             0               
   385                  0                             0               
   390                  0                             0               
   395                  0                           49001             
