 latency     num of prefetch L1 hits      num of prefetch L1 misses   
    50                  0                             0               
    55                  0                             0               
    60                  11                            0               
    65                 8130                           0               
    70                 1679                           0               
    75                  69                            0               
    80                32430                           0               
    85                 6615                           0               
    90                  62                            0               
    95                  2                             0               
   100                  0                             0               
   105                  0                             0               
   110                  0                             0               
   115                  0                             0               
   120                  0                             0               
   125                  0                             0               
   130                  0                             0               
   135                  0                             0               
   140                  0                             0               
   145                  0                             0               
   150                  0                             0               
   155                  0                             0               
   160                  0                             0               
   165                  0                             0               
   170                  0                             0               
   175                  0                             2               
   180                  0                            2220             
   185                  0                            2844             
   190                  0                            8694             
   195                  0                           10599             
   200                  0                           14409             
   205                  1                            3941             
   210                  0                            2829             
   215                  0                            1116             
   220                  0                            1052             
   225                  0                            525              
   230                  0                            424              
   235                  0                            162              
   240                  0                            129              
   245                  0                             24              
   250                  0                             23              
   255                  0                             3               
   260                  0                             3               
   265                  0                             0               
   270                  0                             0               
   275                  0                             0               
   280                  0                             0               
   285                  0                             0               
   290                  0                             0               
   295                  0                             0               
   300                  0                             0               
   305                  0                             0               
   310                  0                             0               
   315                  0                             0               
   320                  0                             0               
   325                  0                             0               
   330                  0                             0               
   335                  0                             0               
   340                  0                             0               
   345                  0                             0               
   350                  0                             0               
   355                  0                             0               
   360                  0                             0               
   365                  0                             0               
   370                  0                             0               
   375                  0                             0               
   380                  0                             0               
   385                  0                             0               
   390                  0                             0               
   395                  0                             3               
