 latency     num of prefetch L1 hits      num of prefetch L1 misses   
    50                  0                             0               
    55                  0                             0               
    60                  0                             0               
    65                  5                             0               
    70                 3989                           0               
    75                 1207                           0               
    80                 732                            0               
    85                24643                           0               
    90                12363                           0               
    95                 665                            0               
   100                 986                            0               
   105                 464                            0               
   110                 536                            0               
   115                 449                            0               
   120                 463                            0               
   125                 241                            0               
   130                 389                            0               
   135                 326                            0               
   140                 277                            0               
   145                 169                            0               
   150                 252                            0               
   155                 152                            0               
   160                 156                            0               
   165                 176                            0               
   170                  60                            0               
   175                 173                            0               
   180                  13                           330              
   185                  91                           1861             
   190                  19                           2103             
   195                  1                            6828             
   200                  2                           19763             
   205                  0                            4952             
   210                  0                            3192             
   215                  0                            1877             
   220                  0                            2668             
   225                  1                            702              
   230                  0                            612              
   235                  0                            288              
   240                  0                            567              
   245                  0                            249              
   250                  0                            356              
   255                  0                            152              
   260                  0                            346              
   265                  0                            213              
   270                  0                            236              
   275                  0                            118              
   280                  0                            189              
   285                  0                            181              
   290                  0                            176              
   295                  0                            114              
   300                  0                            169              
   305                  0                            111              
   310                  0                            140              
   315                  0                             62              
   320                  0                            126              
   325                  0                             53              
   330                  0                             97              
   335                  0                             37              
   340                  0                             62              
   345                  0                             24              
   350                  0                             19              
   355                  0                             11              
   360                  0                             4               
   365                  0                             0               
   370                  0                             5               
   375                  0                             1               
   380                  0                             2               
   385                  0                             0               
   390                  0                             0               
   395                  0                             5               
