 latency     num of prefetch L1 hits      num of prefetch L1 misses   
    50                  0                             0               
    55                  0                             0               
    60                  13                            0               
    65                11710                           0               
    70                 7021                           0               
    75                 3569                           0               
    80                14994                           0               
    85                 6566                           0               
    90                 757                            0               
    95                 342                            0               
   100                 592                            0               
   105                 290                            0               
   110                 504                            0               
   115                 253                            0               
   120                 371                            0               
   125                 201                            0               
   130                 334                            0               
   135                 218                            0               
   140                 180                            0               
   145                 131                            0               
   150                 161                            0               
   155                 168                            0               
   160                 126                            0               
   165                 143                            0               
   170                  98                            0               
   175                  95                            0               
   180                  43                            0               
   185                  48                            0               
   190                  3                             0               
   195                  41                            0               
   200                  19                            0               
   205                  1                             0               
   210                  6                             0               
   215                  0                             0               
   220                  0                             0               
   225                  0                             0               
   230                  0                             0               
   235                  0                             0               
   240                  0                             0               
   245                  0                             0               
   250                  0                             0               
   255                  0                             0               
   260                  0                             0               
   265                  0                             0               
   270                  0                             0               
   275                  0                             0               
   280                  0                             0               
   285                  0                             0               
   290                  0                             0               
   295                  0                             0               
   300                  0                             0               
   305                  0                             0               
   310                  0                             0               
   315                  0                             0               
   320                  0                             0               
   325                  0                             0               
   330                  0                             0               
   335                  0                             0               
   340                  0                             0               
   345                  0                             0               
   350                  0                             0               
   355                  0                             0               
   360                  0                             0               
   365                  0                             0               
   370                  0                             0               
   375                  0                             0               
   380                  0                             0               
   385                  0                             0               
   390                  0                             0               
   395                  0                           49003             
