 latency     num of prefetch L1 hits      num of prefetch L1 misses   
    50                  0                             0               
    55                  0                             0               
    60                  0                             0               
    65                  50                            0               
    70                11444                           0               
    75                 3132                           0               
    80                 2583                           0               
    85                13269                           0               
    90                 9511                           0               
    95                 2668                           0               
   100                 1744                           0               
   105                 350                            0               
   110                 540                            0               
   115                 237                            0               
   120                 461                            0               
   125                 284                            0               
   130                 423                            0               
   135                 269                            0               
   140                 274                            0               
   145                 191                            0               
   150                 290                            0               
   155                 195                            0               
   160                 182                            0               
   165                 238                            0               
   170                  82                            0               
   175                 113                            0               
   180                  68                            22              
   185                 113                           324              
   190                  70                           4785             
   195                  51                           4309             
   200                 152                           7171             
   205                  5                           10651             
   210                  4                            8236             
   215                  3                            2685             
   220                  1                            3138             
   225                  1                            1099             
   230                  0                            1285             
   235                  0                            589              
   240                  0                            593              
   245                  0                            348              
   250                  0                            406              
   255                  0                            207              
   260                  0                            320              
   265                  1                            230              
   270                  0                            292              
   275                  0                            154              
   280                  0                            230              
   285                  0                            174              
   290                  0                            244              
   295                  0                            128              
   300                  0                            184              
   305                  0                             96              
   310                  0                            191              
   315                  0                             94              
   320                  0                            132              
   325                  0                             56              
   330                  0                            138              
   335                  0                             63              
   340                  0                            116              
   345                  0                             53              
   350                  0                             51              
   355                  1                             85              
   360                  0                             55              
   365                  0                             6               
   370                  0                             20              
   375                  0                             6               
   380                  0                             10              
   385                  0                             3               
   390                  0                             1               
   395                  0                             21              
