 latency     num of prefetch L1 hits      num of prefetch L1 misses   
    50                  0                             0               
    55                  0                             0               
    60                  7                             0               
    65                 6223                           0               
    70                15182                           0               
    75                 3773                           0               
    80                 5376                           0               
    85                10857                           0               
    90                 2983                           0               
    95                 552                            0               
   100                 727                            0               
   105                 252                            0               
   110                 393                            0               
   115                 336                            0               
   120                 381                            0               
   125                 175                            0               
   130                 287                            0               
   135                 197                            0               
   140                 254                            0               
   145                 101                            0               
   150                 239                            0               
   155                 114                            0               
   160                 141                            0               
   165                 112                            0               
   170                 101                            0               
   175                  28                            0               
   180                 157                            0               
   185                  13                            0               
   190                  11                            0               
   195                  3                             0               
   200                  13                            0               
   205                  1                             0               
   210                  5                             0               
   215                  6                             0               
   220                  0                             0               
   225                  0                             0               
   230                  0                             0               
   235                  0                             0               
   240                  0                             0               
   245                  0                             0               
   250                  0                             0               
   255                  0                             0               
   260                  0                             0               
   265                  0                             0               
   270                  0                             0               
   275                  0                             0               
   280                  0                             0               
   285                  0                             0               
   290                  0                             0               
   295                  0                             0               
   300                  0                             0               
   305                  0                             0               
   310                  0                             0               
   315                  0                             0               
   320                  0                             0               
   325                  0                             0               
   330                  0                             0               
   335                  0                             0               
   340                  0                             0               
   345                  0                             0               
   350                  0                             0               
   355                  0                             0               
   360                  0                             0               
   365                  0                             0               
   370                  0                             0               
   375                  0                             0               
   380                  0                             0               
   385                  0                             0               
   390                  0                             0               
   395                  0                           49001             
