 latency     num of prefetch L1 hits      num of prefetch L1 misses   
    50                  0                             0               
    55                  0                             0               
    60                  21                            0               
    65                 3046                           0               
    70                 1955                           0               
    75                 1145                           0               
    80                23715                           0               
    85                12708                           0               
    90                 854                            0               
    95                 552                            0               
   100                 584                            0               
   105                 323                            0               
   110                 499                            0               
   115                 403                            0               
   120                 381                            0               
   125                 231                            0               
   130                 426                            0               
   135                 312                            0               
   140                 262                            0               
   145                 141                            0               
   150                 218                            0               
   155                 235                            0               
   160                 155                            0               
   165                 193                            0               
   170                  52                            0               
   175                 185                            0               
   180                  19                            0               
   185                 144                            0               
   190                  35                            0               
   195                  16                            0               
   200                 156                            0               
   205                  0                             0               
   210                  19                            0               
   215                  10                            0               
   220                  0                             0               
   225                  0                             0               
   230                  0                             0               
   235                  0                             0               
   240                  0                             0               
   245                  0                             0               
   250                  0                             0               
   255                  0                             0               
   260                  0                             0               
   265                  0                             0               
   270                  0                             0               
   275                  0                             0               
   280                  0                             0               
   285                  0                             0               
   290                  0                             0               
   295                  0                             0               
   300                  0                             0               
   305                  0                             0               
   310                  0                             0               
   315                  0                             0               
   320                  0                             0               
   325                  0                             0               
   330                  0                             0               
   335                  0                             0               
   340                  0                             0               
   345                  0                             0               
   350                  0                             0               
   355                  0                             0               
   360                  0                             0               
   365                  0                             0               
   370                  0                             0               
   375                  0                             0               
   380                  0                             0               
   385                  0                             0               
   390                  0                             0               
   395                  0                           49006             
