 latency     num of prefetch L1 hits      num of prefetch L1 misses   
    50                  0                             0               
    55                  0                             0               
    60                  0                             0               
    65                 5614                          5628             
    70                30545                         30517             
    75                 1151                          1043             
    80                 3009                          2925             
    85                 3359                          3536             
    90                 1017                          1109             
    95                 492                           482              
   100                 658                           644              
   105                 289                           283              
   110                 482                           436              
   115                 255                           272              
   120                 391                           400              
   125                 206                           200              
   130                 246                           270              
   135                 243                           262              
   140                 214                           214              
   145                 177                           165              
   150                 153                           148              
   155                 154                           143              
   160                 119                           121              
   165                 138                           130              
   170                  30                            25              
   175                  15                            17              
   180                  4                             6               
   185                  7                             9               
   190                  4                             2               
   195                  8                             6               
   200                  14                            5               
   205                  0                             1               
   210                  2                             0               
   215                  1                             0               
   220                  0                             0               
   225                  0                             0               
   230                  0                             0               
   235                  0                             0               
   240                  0                             0               
   245                  0                             0               
   250                  0                             0               
   255                  0                             0               
   260                  0                             0               
   265                  0                             0               
   270                  0                             0               
   275                  0                             0               
   280                  0                             0               
   285                  0                             0               
   290                  0                             0               
   295                  0                             0               
   300                  0                             0               
   305                  0                             0               
   310                  0                             0               
   315                  0                             0               
   320                  0                             0               
   325                  0                             0               
   330                  0                             0               
   335                  0                             0               
   340                  0                             0               
   345                  0                             0               
   350                  0                             0               
   355                  0                             0               
   360                  0                             0               
   365                  0                             0               
   370                  0                             0               
   375                  0                             0               
   380                  0                             0               
   385                  0                             0               
   390                  0                             0               
   395                  0                             5               
