 latency     num of prefetch L1 hits      num of prefetch L1 misses   
    50                  0                             0               
    55                  0                             0               
    60                  0                             0               
    65                 138                            0               
    70                20314                           0               
    75                 7509                           0               
    80                 2058                           0               
    85                 8990                           0               
    90                 4198                           0               
    95                 552                            0               
   100                 672                            0               
   105                 393                            0               
   110                 556                            0               
   115                 295                            0               
   120                 357                            0               
   125                 180                            0               
   130                 324                            0               
   135                 289                            0               
   140                 347                            0               
   145                 187                            0               
   150                 228                            0               
   155                 267                            0               
   160                 192                            0               
   165                 198                            0               
   170                 118                            0               
   175                 179                            0               
   180                  31                           145              
   185                 133                           3091             
   190                  28                          14487             
   195                  79                           5741             
   200                 113                           6898             
   205                  1                            6210             
   210                  38                           3547             
   215                  33                           1181             
   220                  1                            1576             
   225                  0                            820              
   230                  0                            794              
   235                  0                            363              
   240                  0                            430              
   245                  0                            290              
   250                  0                            299              
   255                  0                            145              
   260                  0                            239              
   265                  0                            213              
   270                  1                            188              
   275                  0                            140              
   280                  0                            251              
   285                  0                            221              
   290                  0                            168              
   295                  0                            139              
   300                  0                            183              
   305                  0                             84              
   310                  0                            183              
   315                  0                             65              
   320                  0                            216              
   325                  0                             46              
   330                  0                            152              
   335                  0                             67              
   340                  0                             49              
   345                  0                             87              
   350                  0                             80              
   355                  0                             55              
   360                  0                             30              
   365                  0                             8               
   370                  0                             66              
   375                  0                             9               
   380                  0                             13              
   385                  0                             2               
   390                  0                             15              
   395                  0                             16              
