 latency     num of prefetch L1 hits      num of prefetch L1 misses   
    50                  0                             0               
    55                  0                             0               
    60                  0                             0               
    65                 4108                           0               
    70                 2519                           0               
    75                 303                            0               
    80                27476                           0               
    85                 5724                           0               
    90                 1810                           0               
    95                 671                            0               
   100                 884                            0               
   105                 432                            0               
   110                 667                            0               
   115                 376                            0               
   120                 526                            0               
   125                 270                            0               
   130                 374                            0               
   135                 350                            0               
   140                 321                            0               
   145                 168                            0               
   150                 304                            0               
   155                 229                            0               
   160                 207                            0               
   165                 216                            0               
   170                 117                            0               
   175                 204                            0               
   180                  72                            0               
   185                 188                            0               
   190                  64                           349              
   195                 119                           1825             
   200                 151                           3474             
   205                  0                            6039             
   210                  85                          16202             
   215                  63                           5575             
   220                  0                            3853             
   225                  2                            1845             
   230                  0                            2131             
   235                  0                            1148             
   240                  0                            1054             
   245                  0                            464              
   250                  0                            697              
   255                  0                            332              
   260                  0                            445              
   265                  0                            224              
   270                  0                            324              
   275                  0                            221              
   280                  0                            250              
   285                  0                            159              
   290                  0                            226              
   295                  0                            181              
   300                  0                            216              
   305                  0                            189              
   310                  0                            134              
   315                  0                            204              
   320                  0                            115              
   325                  0                             53              
   330                  0                            103              
   335                  0                            121              
   340                  0                             68              
   345                  0                            112              
   350                  0                            161              
   355                  0                             27              
   360                  0                            140              
   365                  0                             56              
   370                  0                             89              
   375                  0                             12              
   380                  0                             94              
   385                  0                             26              
   390                  0                             46              
   395                  0                             17              
