 latency     num of prefetch L1 hits      num of prefetch L1 misses   
    50                  0                             0               
    55                  0                             0               
    60                  0                             0               
    65                15865                           0               
    70                17110                           0               
    75                 1137                           0               
    80                 7220                           0               
    85                 1019                           0               
    90                 1013                           0               
    95                 525                            0               
   100                 1036                           0               
   105                 375                            0               
   110                 522                            0               
   115                 399                            0               
   120                 365                            0               
   125                 143                            0               
   130                 321                            0               
   135                 265                            0               
   140                 220                            0               
   145                 139                            0               
   150                 154                            0               
   155                 213                            0               
   160                 143                            0               
   165                 182                            0               
   170                  96                           120              
   175                 176                           2834             
   180                  40                          16504             
   185                  90                           6345             
   190                  26                           8224             
   195                  33                           3780             
   200                  75                           2839             
   205                  6                            1061             
   210                  38                           1176             
   215                  37                           672              
   220                  3                            721              
   225                  4                            444              
   230                  6                            511              
   235                  0                            302              
   240                  2                            393              
   245                  0                            253              
   250                  0                            361              
   255                  0                            143              
   260                  0                            289              
   265                  0                            164              
   270                  0                            212              
   275                  0                            112              
   280                  0                            168              
   285                  0                             78              
   290                  0                            211              
   295                  0                             92              
   300                  0                            162              
   305                  0                             43              
   310                  0                            177              
   315                  0                             74              
   320                  0                            109              
   325                  0                            102              
   330                  0                             92              
   335                  0                             43              
   340                  0                             41              
   345                  0                             33              
   350                  0                             31              
   355                  0                             11              
   360                  0                             39              
   365                  0                             1               
   370                  0                             9               
   375                  0                             1               
   380                  0                             12              
   385                  0                             0               
   390                  0                             3               
   395                  0                             11              
