 latency     num of prefetch L1 hits      num of prefetch L1 misses   
    50                  0                             0               
    55                  0                             0               
    60                  0                             0               
    65                  94                            0               
    70                 3969                           0               
    75                 1551                           0               
    80                 2938                           0               
    85                15529                           0               
    90                17807                           0               
    95                 2362                           0               
   100                 707                            0               
   105                 374                            0               
   110                 574                            0               
   115                 371                            0               
   120                 380                            0               
   125                 223                            0               
   130                 297                            0               
   135                 236                            0               
   140                 275                            0               
   145                 221                            0               
   150                 243                            0               
   155                 311                            0               
   160                 171                            0               
   165                 190                            0               
   170                  36                            0               
   175                  36                            0               
   180                  6                             0               
   185                  22                            0               
   190                  13                            0               
   195                  16                            0               
   200                  39                            0               
   205                  0                             0               
   210                  7                             0               
   215                  0                             0               
   220                  0                             0               
   225                  0                             0               
   230                  0                             0               
   235                  0                             0               
   240                  0                             0               
   245                  0                             0               
   250                  0                             0               
   255                  0                             0               
   260                  0                             0               
   265                  0                             0               
   270                  0                             0               
   275                  0                             0               
   280                  0                             0               
   285                  0                             0               
   290                  0                             0               
   295                  0                             0               
   300                  0                             0               
   305                  0                             0               
   310                  0                             0               
   315                  0                             0               
   320                  0                             0               
   325                  0                             0               
   330                  0                             0               
   335                  0                             0               
   340                  0                             0               
   345                  0                             0               
   350                  0                             0               
   355                  0                             0               
   360                  0                             0               
   365                  0                             0               
   370                  0                             0               
   375                  0                             0               
   380                  0                             0               
   385                  0                             0               
   390                  0                             0               
   395                  0                           49003             
