 latency     num of prefetch L1 hits      num of prefetch L1 misses   
    50                  0                             0               
    55                  0                             0               
    60                 132                           126              
    65                32086                         32486             
    70                 7457                          7110             
    75                 942                           909              
    80                 3502                          3492             
    85                 760                           751              
    90                 831                           814              
    95                 477                           454              
   100                 701                           724              
   105                 270                           284              
   110                 415                           468              
   115                 281                           319              
   120                 390                           384              
   125                 167                           171              
   130                 258                           261              
   135                 204                           152              
   140                  71                            55              
   145                  16                            7               
   150                  17                            15              
   155                  12                            12              
   160                  5                             2               
   165                  4                             1               
   170                  1                             0               
   175                  0                             0               
   180                  0                             0               
   185                  0                             0               
   190                  0                             0               
   195                  0                             0               
   200                  0                             0               
   205                  0                             0               
   210                  0                             0               
   215                  0                             0               
   220                  0                             0               
   225                  0                             0               
   230                  0                             0               
   235                  0                             0               
   240                  0                             0               
   245                  0                             0               
   250                  0                             0               
   255                  0                             0               
   260                  0                             0               
   265                  0                             0               
   270                  0                             0               
   275                  0                             0               
   280                  0                             0               
   285                  0                             0               
   290                  0                             0               
   295                  0                             0               
   300                  0                             0               
   305                  0                             0               
   310                  0                             0               
   315                  0                             0               
   320                  0                             0               
   325                  0                             0               
   330                  0                             0               
   335                  0                             0               
   340                  0                             0               
   345                  0                             0               
   350                  0                             0               
   355                  0                             0               
   360                  0                             0               
   365                  0                             0               
   370                  0                             0               
   375                  0                             0               
   380                  0                             0               
   385                  0                             0               
   390                  0                             0               
   395                  0                             5               
