 latency     num of prefetch L1 hits      num of prefetch L1 misses   
    50                  0                             0               
    55                  0                             0               
    60                  0                             0               
    65                  17                            0               
    70                18846                           0               
    75                 5719                           0               
    80                 7372                           0               
    85                 5746                           0               
    90                 6780                           0               
    95                 640                            0               
   100                 593                            0               
   105                 263                            0               
   110                 413                            0               
   115                 226                            0               
   120                 348                            0               
   125                 182                            0               
   130                 286                            0               
   135                 156                            0               
   140                 142                            0               
   145                 108                            0               
   150                 159                            0               
   155                 135                            0               
   160                 105                            0               
   165                 153                            0               
   170                  60                            0               
   175                 114                            0               
   180                  36                            0               
   185                 145                            0               
   190                  39                            0               
   195                  81                            0               
   200                 115                            0               
   205                  2                             0               
   210                  15                            0               
   215                  1                             0               
   220                  0                             0               
   225                  0                             0               
   230                  0                             0               
   235                  0                             0               
   240                  0                             0               
   245                  0                             0               
   250                  1                             0               
   255                  0                             0               
   260                  0                             0               
   265                  0                             0               
   270                  0                             0               
   275                  0                             0               
   280                  0                             0               
   285                  0                             0               
   290                  0                             0               
   295                  0                             0               
   300                  0                             0               
   305                  0                             0               
   310                  0                             0               
   315                  0                             0               
   320                  0                             0               
   325                  0                             0               
   330                  0                             0               
   335                  0                             0               
   340                  0                             0               
   345                  0                             0               
   350                  0                             0               
   355                  0                             0               
   360                  0                             0               
   365                  0                             0               
   370                  0                             0               
   375                  0                             0               
   380                  0                             0               
   385                  0                             0               
   390                  0                             0               
   395                  0                           49003             
