 latency     num of prefetch L1 hits      num of prefetch L1 misses   
    50                  0                             0               
    55                  0                             0               
    60                  0                             0               
    65                 568                            0               
    70                22321                           0               
    75                 556                            0               
    80                 2644                           0               
    85                15216                           0               
    90                 3868                           0               
    95                 407                            0               
   100                 644                            0               
   105                 304                            0               
   110                 412                            0               
   115                 207                            0               
   120                 316                            0               
   125                 166                            0               
   130                 258                            0               
   135                 187                            0               
   140                 206                            0               
   145                 152                            0               
   150                 109                            0               
   155                 161                            0               
   160                  63                            0               
   165                  82                            0               
   170                  57                            0               
   175                  56                            0               
   180                  8                             0               
   185                  19                            0               
   190                  5                             0               
   195                  0                             0               
   200                  0                             0               
   205                  1                             0               
   210                  0                             0               
   215                  1                             0               
   220                  0                             0               
   225                  0                             0               
   230                  0                             0               
   235                  0                             0               
   240                  0                             0               
   245                  0                             0               
   250                  0                             0               
   255                  0                             0               
   260                  0                             0               
   265                  0                             0               
   270                  0                             0               
   275                  0                             0               
   280                  0                             0               
   285                  1                             0               
   290                  0                             0               
   295                  0                             0               
   300                  0                             0               
   305                  0                             0               
   310                  0                             0               
   315                  0                             0               
   320                  0                             0               
   325                  0                             0               
   330                  0                             0               
   335                  0                             0               
   340                  0                             0               
   345                  0                             0               
   350                  0                             0               
   355                  1                             0               
   360                  0                             0               
   365                  0                             0               
   370                  0                             0               
   375                  0                             0               
   380                  0                             0               
   385                  0                             0               
   390                  0                             0               
   395                  0                           49005             
