 latency     num of prefetch L1 hits      num of prefetch L1 misses   
    50                  0                             0               
    55                  0                             0               
    60                  0                             0               
    65                 341                            0               
    70                12271                           0               
    75                 9721                           0               
    80                12142                           0               
    85                 5270                           0               
    90                 3577                           0               
    95                 1229                           0               
   100                 804                            0               
   105                 202                            0               
   110                 323                            0               
   115                 356                            0               
   120                 484                            0               
   125                 165                            0               
   130                 344                            0               
   135                 284                            0               
   140                 241                            0               
   145                 151                            0               
   150                 149                            0               
   155                 115                            0               
   160                  68                            0               
   165                 112                            0               
   170                  95                            0               
   175                  93                            0               
   180                 132                            0               
   185                  48                            0               
   190                  52                            0               
   195                  27                            0               
   200                  53                            0               
   205                  6                             0               
   210                  49                            0               
   215                  63                            0               
   220                  3                             0               
   225                  1                             0               
   230                  20                            0               
   235                  0                             0               
   240                  0                             0               
   245                  0                             0               
   250                  0                             0               
   255                  0                             0               
   260                  0                             0               
   265                  0                             0               
   270                  0                             0               
   275                  0                             0               
   280                  0                             0               
   285                  0                             0               
   290                  0                             0               
   295                  0                             0               
   300                  0                             0               
   305                  0                             0               
   310                  0                             0               
   315                  0                             0               
   320                  0                             0               
   325                  0                             0               
   330                  0                             0               
   335                  0                             0               
   340                  0                             0               
   345                  0                             0               
   350                  0                             0               
   355                  0                             0               
   360                  0                             0               
   365                  0                             0               
   370                  0                             0               
   375                  0                             0               
   380                  0                             0               
   385                  0                             0               
   390                  0                             0               
   395                  0                           49010             
