 latency     num of prefetch L1 hits      num of prefetch L1 misses   
    50                  0                             0               
    55                  0                             0               
    60                  17                            0               
    65                 9127                           0               
    70                 5741                           0               
    75                 208                            0               
    80                28923                           0               
    85                 4925                           0               
    90                  55                            0               
    95                  2                             0               
   100                  1                             0               
   105                  0                             0               
   110                  0                             0               
   115                  0                             0               
   120                  0                             0               
   125                  0                             0               
   130                  0                             0               
   135                  0                             0               
   140                  0                             0               
   145                  0                             0               
   150                  0                             0               
   155                  0                             0               
   160                  0                             0               
   165                  0                             0               
   170                  0                             0               
   175                  0                             55              
   180                  0                            2037             
   185                  0                            4160             
   190                  0                            6260             
   195                  0                           10362             
   200                  0                           11963             
   205                  0                            4651             
   210                  0                            3621             
   215                  1                            1837             
   220                  0                            1514             
   225                  0                            708              
   230                  0                            814              
   235                  0                            486              
   240                  0                            245              
   245                  0                            131              
   250                  0                             77              
   255                  0                             24              
   260                  0                             31              
   265                  0                             6               
   270                  0                             3               
   275                  0                             2               
   280                  0                             5               
   285                  0                             1               
   290                  0                             1               
   295                  0                             0               
   300                  0                             0               
   305                  0                             0               
   310                  0                             0               
   315                  0                             0               
   320                  0                             0               
   325                  0                             0               
   330                  0                             0               
   335                  0                             0               
   340                  0                             0               
   345                  0                             0               
   350                  0                             0               
   355                  0                             0               
   360                  0                             0               
   365                  0                             0               
   370                  0                             0               
   375                  0                             0               
   380                  0                             0               
   385                  0                             0               
   390                  0                             0               
   395                  0                             7               
