 latency     num of prefetch L1 hits      num of prefetch L1 misses   
    50                  0                             0               
    55                  0                             0               
    60                  0                             0               
    65                  3                             0               
    70                 3981                           0               
    75                 2449                           0               
    80                 988                            0               
    85                15755                           0               
    90                19044                           0               
    95                 1049                           0               
   100                 762                            0               
   105                 446                            0               
   110                 697                            0               
   115                 452                            0               
   120                 606                            0               
   125                 266                            0               
   130                 394                            0               
   135                 322                            0               
   140                 244                            0               
   145                 148                            0               
   150                 195                            0               
   155                 213                            0               
   160                 123                            0               
   165                 176                            0               
   170                  89                            0               
   175                 170                            0               
   180                  32                            1               
   185                 144                            20              
   190                  37                           2220             
   195                  62                           2371             
   200                 144                           4810             
   205                  0                           16077             
   210                  1                           11566             
   215                  0                            1829             
   220                  0                            2437             
   225                  0                            1597             
   230                  0                            1039             
   235                  0                            427              
   240                  0                            543              
   245                  0                            304              
   250                  0                            424              
   255                  0                            227              
   260                  0                            451              
   265                  0                            270              
   270                  0                            261              
   275                  0                            131              
   280                  0                            236              
   285                  0                            192              
   290                  0                            208              
   295                  0                            126              
   300                  0                            194              
   305                  0                             99              
   310                  0                            190              
   315                  0                             69              
   320                  0                            168              
   325                  0                             59              
   330                  1                            115              
   335                  0                             57              
   340                  0                             57              
   345                  0                             36              
   350                  0                             57              
   355                  1                             36              
   360                  0                             23              
   365                  0                             10              
   370                  0                             16              
   375                  0                             10              
   380                  0                             10              
   385                  0                             0               
   390                  0                             4               
   395                  0                             30              
