 latency     num of prefetch L1 hits      num of prefetch L1 misses   
    50                  0                             0               
    55                  0                             0               
    60                  5                             0               
    65                18058                           0               
    70                10055                           0               
    75                 5988                           0               
    80                 9801                           0               
    85                 4564                           0               
    90                 491                            0               
    95                  11                            0               
   100                  9                             0               
   105                  3                             0               
   110                  1                             0               
   115                  0                             0               
   120                  1                             0               
   125                  1                             0               
   130                  0                             0               
   135                  1                             0               
   140                  0                             0               
   145                  0                             0               
   150                  0                             0               
   155                  0                             0               
   160                  0                             0               
   165                  0                             0               
   170                  0                             0               
   175                  0                             0               
   180                  0                             0               
   185                  0                             0               
   190                  0                             0               
   195                  0                             0               
   200                  0                             0               
   205                  0                             0               
   210                  1                             0               
   215                  1                             0               
   220                  0                             0               
   225                  0                             0               
   230                  0                             0               
   235                  0                             0               
   240                  0                             0               
   245                  0                             0               
   250                  0                             0               
   255                  0                             0               
   260                  1                             0               
   265                  1                             0               
   270                  3                             0               
   275                  1                             0               
   280                  0                             0               
   285                  0                             0               
   290                  0                             0               
   295                  0                             0               
   300                  0                             0               
   305                  0                             0               
   310                  0                             0               
   315                  0                             0               
   320                  0                             0               
   325                  0                             0               
   330                  0                             0               
   335                  0                             0               
   340                  0                             0               
   345                  0                             0               
   350                  0                             0               
   355                  0                             0               
   360                  0                             0               
   365                  0                             0               
   370                  0                             0               
   375                  0                             0               
   380                  0                             0               
   385                  0                             0               
   390                  0                             0               
   395                  0                           49004             
