 latency     num of prefetch L1 hits      num of prefetch L1 misses   
    50                  0                             0               
    55                  0                             0               
    60                  0                             0               
    65                 201                           192              
    70                37263                         37129             
    75                 2927                          2937             
    80                 1411                          1292             
    85                 2594                          2892             
    90                 1539                          1535             
    95                 495                           501              
   100                 695                           714              
   105                 315                           333              
   110                 504                           506              
   115                 297                           301              
   120                 386                           386              
   125                 126                           103              
   130                 142                           130              
   135                  24                            23              
   140                  23                            8               
   145                  16                            5               
   150                  18                            8               
   155                  10                            2               
   160                  5                             1               
   165                  0                             0               
   170                  2                             0               
   175                  0                             0               
   180                  1                             0               
   185                  0                             1               
   190                  0                             0               
   195                  0                             0               
   200                  1                             0               
   205                  0                             0               
   210                  0                             0               
   215                  0                             0               
   220                  0                             0               
   225                  0                             0               
   230                  0                             0               
   235                  0                             0               
   240                  0                             0               
   245                  0                             0               
   250                  0                             0               
   255                  0                             0               
   260                  0                             0               
   265                  0                             0               
   270                  0                             0               
   275                  0                             0               
   280                  0                             0               
   285                  0                             0               
   290                  1                             0               
   295                  0                             0               
   300                  0                             0               
   305                  0                             0               
   310                  0                             1               
   315                  1                             0               
   320                  0                             0               
   325                  0                             0               
   330                  0                             0               
   335                  0                             0               
   340                  0                             0               
   345                  0                             0               
   350                  0                             0               
   355                  0                             0               
   360                  0                             0               
   365                  0                             0               
   370                  0                             0               
   375                  0                             0               
   380                  0                             0               
   385                  0                             0               
   390                  0                             0               
   395                  0                             4               
