 latency     num of prefetch L1 hits      num of prefetch L1 misses   
    50                  0                             0               
    55                  0                             0               
    60                  0                             0               
    65                 1971                           0               
    70                26526                           0               
    75                 2156                           0               
    80                 3768                           0               
    85                 6512                           0               
    90                 2758                           0               
    95                 598                            0               
   100                 812                            0               
   105                 358                            0               
   110                 495                            0               
   115                 312                            0               
   120                 431                            0               
   125                 200                            0               
   130                 326                            0               
   135                 299                            0               
   140                 233                            0               
   145                 170                            0               
   150                 140                            0               
   155                 189                            0               
   160                 145                            0               
   165                 172                            0               
   170                  57                            0               
   175                 145                            0               
   180                  31                           720              
   185                  63                           4170             
   190                  14                          15071             
   195                  31                           6060             
   200                  29                           7435             
   205                  2                            4498             
   210                  29                           3246             
   215                  24                           1065             
   220                  1                            1300             
   225                  0                            611              
   230                  1                            637              
   235                  0                            312              
   240                  0                            464              
   245                  0                            306              
   250                  0                            343              
   255                  0                            173              
   260                  0                            351              
   265                  0                            208              
   270                  0                            267              
   275                  0                            126              
   280                  0                            204              
   285                  0                            128              
   290                  0                            213              
   295                  0                             80              
   300                  0                            199              
   305                  0                             71              
   310                  0                            181              
   315                  0                             88              
   320                  0                             96              
   325                  0                             51              
   330                  0                             93              
   335                  1                             33              
   340                  0                             44              
   345                  0                             38              
   350                  0                             18              
   355                  0                             14              
   360                  0                             39              
   365                  0                             5               
   370                  0                             14              
   375                  0                             3               
   380                  0                             5               
   385                  0                             2               
   390                  0                             4               
   395                  0                             16              
