 latency     num of prefetch L1 hits      num of prefetch L1 misses   
    50                  0                             0               
    55                  0                             0               
    60                  1                             0               
    65                14541                           0               
    70                 8909                           0               
    75                 4957                           0               
    80                 9920                           0               
    85                 5278                           0               
    90                 1036                           0               
    95                 460                            0               
   100                 622                            0               
   105                 277                            0               
   110                 375                            0               
   115                 270                            0               
   120                 339                            0               
   125                 160                            0               
   130                 266                            0               
   135                 235                            0               
   140                 200                            0               
   145                 145                            0               
   150                 162                            0               
   155                 170                            0               
   160                 139                            0               
   165                 193                            0               
   170                  63                            0               
   175                  89                            0               
   180                  31                            0               
   185                  53                            0               
   190                  18                            0               
   195                  40                            0               
   200                  37                            0               
   205                  1                             0               
   210                  10                            0               
   215                  0                             0               
   220                  1                             0               
   225                  0                             0               
   230                  0                             0               
   235                  0                             0               
   240                  0                             0               
   245                  0                             0               
   250                  0                             0               
   255                  0                             0               
   260                  0                             0               
   265                  0                             0               
   270                  0                             0               
   275                  0                             0               
   280                  0                             0               
   285                  1                             0               
   290                  1                             0               
   295                  0                             0               
   300                  0                             0               
   305                  0                             0               
   310                  0                             0               
   315                  0                             0               
   320                  0                             0               
   325                  0                             0               
   330                  0                             0               
   335                  0                             0               
   340                  0                             0               
   345                  0                             0               
   350                  0                             0               
   355                  0                             0               
   360                  0                             0               
   365                  0                             0               
   370                  0                             0               
   375                  0                             0               
   380                  0                             0               
   385                  0                             0               
   390                  0                             0               
   395                  0                           49001             
