 latency     num of prefetch L1 hits      num of prefetch L1 misses   
    50                  0                             0               
    55                  0                             0               
    60                  0                             0               
    65                  0                             0               
    70                  71                            0               
    75                 1369                           0               
    80                 8923                           0               
    85                 3228                           0               
    90                 6257                           0               
    95                10145                           0               
   100                13085                           0               
   105                 599                            0               
   110                 727                            0               
   115                 465                            0               
   120                 817                            0               
   125                 304                            0               
   130                 344                            0               
   135                 174                            0               
   140                 294                            0               
   145                 187                            0               
   150                 220                            0               
   155                 115                            0               
   160                 304                            0               
   165                 112                            0               
   170                 224                            0               
   175                  86                            0               
   180                 252                            0               
   185                  50                            0               
   190                 216                            0               
   195                  7                             13              
   200                 217                           498              
   205                  22                           1726             
   210                  88                           4345             
   215                  80                           3465             
   220                  5                           11095             
   225                  0                           11768             
   230                  8                            4908             
   235                  1                            1945             
   240                  0                            2805             
   245                  0                            977              
   250                  0                            681              
   255                  0                            497              
   260                  0                            548              
   265                  0                            320              
   270                  0                            357              
   275                  0                            224              
   280                  0                            260              
   285                  1                            188              
   290                  1                            245              
   295                  0                            135              
   300                  1                            225              
   305                  0                            106              
   310                  0                            173              
   315                  0                             90              
   320                  0                            152              
   325                  0                             96              
   330                  0                            161              
   335                  0                            138              
   340                  0                            121              
   345                  0                             61              
   350                  0                            132              
   355                  0                             83              
   360                  0                             99              
   365                  0                             37              
   370                  0                             86              
   375                  0                             20              
   380                  0                             51              
   385                  0                             58              
   390                  0                             47              
   395                  0                             66              
