 latency     num of prefetch L1 hits      num of prefetch L1 misses   
    50                  0                             0               
    55                  0                             0               
    60                  2                             0               
    65                 5049                           0               
    70                13843                           0               
    75                 8137                           0               
    80                 6507                           0               
    85                 6033                           0               
    90                 4808                           0               
    95                 663                            0               
   100                 740                            0               
   105                 245                            0               
   110                 365                            0               
   115                 248                            0               
   120                 355                            0               
   125                 182                            0               
   130                 250                            0               
   135                 227                            0               
   140                 241                            0               
   145                 187                            0               
   150                 141                            0               
   155                 132                            0               
   160                 129                            0               
   165                 140                            0               
   170                  96                            0               
   175                  46                            0               
   180                  99                            0               
   185                  31                            0               
   190                  30                            0               
   195                  12                            0               
   200                  28                            0               
   205                  7                             0               
   210                  5                             0               
   215                  11                            0               
   220                  4                             0               
   225                  0                             0               
   230                  1                             0               
   235                  0                             0               
   240                  0                             0               
   245                  0                             0               
   250                  0                             0               
   255                  0                             0               
   260                  0                             0               
   265                  0                             0               
   270                  0                             0               
   275                  0                             0               
   280                  0                             0               
   285                  0                             0               
   290                  0                             0               
   295                  0                             0               
   300                  3                             0               
   305                  0                             0               
   310                  0                             0               
   315                  0                             0               
   320                  0                             0               
   325                  0                             0               
   330                  0                             0               
   335                  0                             0               
   340                  0                             0               
   345                  0                             0               
   350                  0                             0               
   355                  0                             0               
   360                  0                             0               
   365                  0                             0               
   370                  0                             0               
   375                  0                             0               
   380                  0                             0               
   385                  0                             0               
   390                  0                             0               
   395                  0                           49004             
