 latency     num of prefetch L1 hits      num of prefetch L1 misses   
    50                  0                             0               
    55                  0                             0               
    60                  3                             0               
    65                  20                            0               
    70                 9897                           0               
    75                 1932                           0               
    80                 1292                           0               
    85                23642                           0               
    90                 6706                           0               
    95                 423                            0               
   100                 638                            0               
   105                 416                            0               
   110                 510                            0               
   115                 337                            0               
   120                 399                            0               
   125                 237                            0               
   130                 351                            0               
   135                 219                            0               
   140                 340                            0               
   145                 146                            0               
   150                 245                            0               
   155                 126                            0               
   160                 215                            0               
   165                  71                            0               
   170                 108                            0               
   175                  39                            0               
   180                 116                            0               
   185                  32                            0               
   190                 131                            0               
   195                  10                            0               
   200                 177                            0               
   205                  22                            0               
   210                  55                            0               
   215                  95                            0               
   220                  20                            0               
   225                  10                            0               
   230                  18                            0               
   235                  0                             0               
   240                  0                             0               
   245                  0                             0               
   250                  0                             0               
   255                  0                             0               
   260                  0                             0               
   265                  0                             0               
   270                  0                             0               
   275                  0                             0               
   280                  0                             0               
   285                  0                             0               
   290                  0                             0               
   295                  0                             0               
   300                  0                             0               
   305                  0                             0               
   310                  0                             0               
   315                  0                             0               
   320                  0                             0               
   325                  0                             0               
   330                  0                             0               
   335                  0                             0               
   340                  0                             0               
   345                  0                             0               
   350                  0                             0               
   355                  0                             0               
   360                  0                             0               
   365                  0                             0               
   370                  0                             0               
   375                  0                             0               
   380                  0                             0               
   385                  0                             0               
   390                  0                             0               
   395                  0                           49003             
