 latency     num of prefetch L1 hits      num of prefetch L1 misses   
    50                  0                             0               
    55                  0                             0               
    60                  0                             0               
    65                 9465                          9490             
    70                29403                         29265             
    75                 1212                          1165             
    80                 2043                          2086             
    85                 1971                          2071             
    90                 809                           835              
    95                 474                           485              
   100                 694                           659              
   105                 274                           276              
   110                 520                           497              
   115                 264                           272              
   120                 383                           411              
   125                 149                           175              
   130                 291                           270              
   135                 214                           227              
   140                 189                           188              
   145                 169                           169              
   150                 120                           100              
   155                 172                           191              
   160                  49                            53              
   165                  82                            67              
   170                  13                            13              
   175                  19                            8               
   180                  0                             0               
   185                  9                             8               
   190                  3                             2               
   195                  3                             2               
   200                  6                             13              
   205                  0                             0               
   210                  0                             0               
   215                  0                             0               
   220                  0                             0               
   225                  0                             0               
   230                  0                             0               
   235                  0                             0               
   240                  0                             0               
   245                  0                             0               
   250                  0                             0               
   255                  0                             0               
   260                  0                             0               
   265                  0                             0               
   270                  0                             0               
   275                  0                             0               
   280                  0                             0               
   285                  0                             0               
   290                  0                             0               
   295                  0                             0               
   300                  0                             0               
   305                  0                             0               
   310                  0                             0               
   315                  0                             0               
   320                  0                             0               
   325                  0                             0               
   330                  0                             0               
   335                  0                             0               
   340                  0                             0               
   345                  0                             0               
   350                  0                             0               
   355                  0                             0               
   360                  0                             0               
   365                  0                             0               
   370                  0                             0               
   375                  0                             0               
   380                  0                             0               
   385                  0                             0               
   390                  0                             0               
   395                  0                             3               
