 latency     num of prefetch L1 hits      num of prefetch L1 misses   
    50                  0                             0               
    55                  0                             0               
    60                  0                             0               
    65                  44                            0               
    70                14101                           0               
    75                 4652                           0               
    80                 4237                           0               
    85                10135                           0               
    90                10691                           0               
    95                 831                            0               
   100                 629                            0               
   105                 253                            0               
   110                 342                            0               
   115                 228                            0               
   120                 316                            0               
   125                 217                            0               
   130                 367                            0               
   135                 343                            0               
   140                 269                            0               
   145                 221                            0               
   150                 192                            0               
   155                 181                            0               
   160                 117                            0               
   165                 208                            0               
   170                  48                            0               
   175                 108                            0               
   180                  35                            0               
   185                  82                            0               
   190                  23                            0               
   195                  17                            0               
   200                  61                            0               
   205                  2                             0               
   210                  10                            0               
   215                  35                            0               
   220                  0                             0               
   225                  1                             0               
   230                  0                             0               
   235                  0                             0               
   240                  0                             0               
   245                  0                             0               
   250                  0                             0               
   255                  0                             0               
   260                  0                             0               
   265                  0                             0               
   270                  0                             0               
   275                  0                             0               
   280                  0                             0               
   285                  0                             0               
   290                  0                             0               
   295                  0                             0               
   300                  0                             0               
   305                  1                             0               
   310                  0                             0               
   315                  0                             0               
   320                  0                             0               
   325                  0                             0               
   330                  0                             0               
   335                  0                             0               
   340                  0                             0               
   345                  0                             0               
   350                  0                             0               
   355                  0                             0               
   360                  0                             0               
   365                  0                             0               
   370                  0                             0               
   375                  0                             0               
   380                  0                             0               
   385                  0                             0               
   390                  0                             0               
   395                  1                           49003             
