 latency     num of prefetch L1 hits      num of prefetch L1 misses   
    50                  0                             0               
    55                  0                             0               
    60                  0                             0               
    65                  13                            0               
    70                 1264                           0               
    75                 612                            0               
    80                 1547                           0               
    85                24229                           0               
    90                 9388                           0               
    95                 3441                           0               
   100                 1757                           0               
   105                 735                            0               
   110                 1530                           0               
   115                 735                            0               
   120                 397                            0               
   125                 165                            0               
   130                 367                            0               
   135                 250                            0               
   140                 259                            0               
   145                 306                            0               
   150                 233                            0               
   155                 269                            0               
   160                 290                            0               
   165                 379                            0               
   170                 133                            0               
   175                 219                            0               
   180                  50                           310              
   185                  79                           861              
   190                 144                           1511             
   195                  20                           8327             
   200                  14                          13372             
   205                  67                           6598             
   210                  23                           5858             
   215                  6                            2259             
   220                  0                            2255             
   225                  3                            1196             
   230                  39                           1127             
   235                  0                            424              
   240                  1                            753              
   245                  26                           339              
   250                  6                            395              
   255                  0                            156              
   260                  0                            514              
   265                  0                            304              
   270                  0                            231              
   275                  0                            167              
   280                  0                            179              
   285                  0                            213              
   290                  0                            203              
   295                  0                            146              
   300                  0                            141              
   305                  0                             55              
   310                  0                             64              
   315                  0                             63              
   320                  0                            205              
   325                  0                            127              
   330                  0                            210              
   335                  0                             53              
   340                  0                             80              
   345                  0                             75              
   350                  0                             28              
   355                  0                             5               
   360                  0                             79              
   365                  0                             9               
   370                  0                             15              
   375                  0                             34              
   380                  0                             44              
   385                  0                             7               
   390                  0                             2               
   395                  0                             11              
