 latency     num of prefetch L1 hits      num of prefetch L1 misses   
    50                  0                             0               
    55                  0                             0               
    60                  0                             0               
    65                  13                            0               
    70                19594                           0               
    75                 9600                           0               
    80                 9120                           0               
    85                 2782                           0               
    90                 4280                           0               
    95                 803                            0               
   100                 484                            0               
   105                 255                            0               
   110                 281                            0               
   115                 166                            0               
   120                 206                            0               
   125                 103                            0               
   130                 321                            0               
   135                 261                            0               
   140                 172                            0               
   145                 172                            0               
   150                 162                            0               
   155                  69                            0               
   160                  53                            0               
   165                  48                            0               
   170                  4                             0               
   175                  32                            0               
   180                  4                             0               
   185                  9                             0               
   190                  0                             0               
   195                  0                             0               
   200                  0                             0               
   205                  1                             0               
   210                  0                             0               
   215                  0                             0               
   220                  0                             0               
   225                  0                             0               
   230                  0                             0               
   235                  0                             0               
   240                  0                             0               
   245                  0                             0               
   250                  0                             0               
   255                  0                             0               
   260                  0                             0               
   265                  0                             0               
   270                  0                             0               
   275                  0                             0               
   280                  0                             0               
   285                  0                             0               
   290                  0                             0               
   295                  0                             0               
   300                  1                             0               
   305                  1                             0               
   310                  0                             0               
   315                  0                             0               
   320                  0                             0               
   325                  0                             0               
   330                  0                             0               
   335                  0                             0               
   340                  0                             0               
   345                  0                             0               
   350                  1                             0               
   355                  0                             0               
   360                  0                             0               
   365                  0                             0               
   370                  0                             0               
   375                  0                             0               
   380                  0                             0               
   385                  0                             0               
   390                  0                             0               
   395                  0                           49003             
