 latency     num of prefetch L1 hits      num of prefetch L1 misses   
    50                  0                             0               
    55                  0                             0               
    60                  4                             0               
    65                 2917                           0               
    70                 9699                           0               
    75                 2399                           0               
    80                15703                           0               
    85                14754                           0               
    90                 3487                           0               
    95                  19                            0               
   100                  6                             0               
   105                  0                             0               
   110                  0                             0               
   115                  0                             0               
   120                  0                             0               
   125                  0                             0               
   130                  0                             0               
   135                  0                             0               
   140                  0                             0               
   145                  0                             0               
   150                  0                             0               
   155                  0                             0               
   160                  0                            212              
   165                  0                            1237             
   170                  1                            4688             
   175                  1                            6613             
   180                  2                           12503             
   185                  0                           11514             
   190                  0                            7480             
   195                  0                            2248             
   200                  1                            1611             
   205                  0                            453              
   210                  0                            323              
   215                  0                             65              
   220                  0                             31              
   225                  0                             5               
   230                  0                             11              
   235                  0                             1               
   240                  0                             0               
   245                  0                             0               
   250                  0                             0               
   255                  0                             0               
   260                  0                             0               
   265                  0                             0               
   270                  0                             0               
   275                  0                             0               
   280                  0                             0               
   285                  0                             0               
   290                  0                             0               
   295                  0                             0               
   300                  2                             0               
   305                  0                             0               
   310                  0                             1               
   315                  0                             1               
   320                  0                             1               
   325                  0                             0               
   330                  0                             0               
   335                  0                             0               
   340                  0                             0               
   345                  0                             0               
   350                  0                             0               
   355                  0                             0               
   360                  0                             0               
   365                  0                             0               
   370                  0                             0               
   375                  0                             0               
   380                  0                             0               
   385                  0                             0               
   390                  0                             0               
   395                  0                             8               
