 latency     num of prefetch L1 hits      num of prefetch L1 misses   
    50                  0                             0               
    55                  0                             0               
    60                  0                             0               
    65                  24                            0               
    70                20088                           0               
    75                 2227                           0               
    80                 2152                           0               
    85                11531                           0               
    90                 6822                           0               
    95                 1315                           0               
   100                 1015                           0               
   105                 427                            0               
   110                 547                            0               
   115                 312                            0               
   120                 380                            0               
   125                 183                            0               
   130                 274                            0               
   135                 244                            0               
   140                 234                            0               
   145                 147                            0               
   150                 120                            0               
   155                 163                            0               
   160                  76                            0               
   165                 153                            0               
   170                  73                            0               
   175                  87                            0               
   180                  16                            0               
   185                  94                            0               
   190                  26                            0               
   195                  14                            0               
   200                  92                            0               
   205                  6                             0               
   210                  80                            0               
   215                  54                            0               
   220                  2                             0               
   225                  2                             0               
   230                  1                             0               
   235                  0                             0               
   240                  0                             0               
   245                  0                             0               
   250                  0                             0               
   255                  0                             0               
   260                  0                             0               
   265                  0                             0               
   270                  1                             0               
   275                  0                             0               
   280                  1                             0               
   285                  1                             0               
   290                  0                             0               
   295                  1                             0               
   300                  3                             0               
   305                  1                             0               
   310                  1                             0               
   315                  0                             0               
   320                  2                             0               
   325                  1                             0               
   330                  0                             0               
   335                  0                             0               
   340                  0                             0               
   345                  0                             0               
   350                  0                             0               
   355                  0                             0               
   360                  0                             0               
   365                  0                             0               
   370                  0                             0               
   375                  1                             0               
   380                  0                             0               
   385                  0                             0               
   390                  0                             0               
   395                  0                           49007             
