 latency     num of prefetch L1 hits      num of prefetch L1 misses   
    50                  0                             0               
    55                  0                             0               
    60                  0                             0               
    65                 1910                           0               
    70                20156                           0               
    75                 6647                           0               
    80                 8710                           0               
    85                 2899                           0               
    90                 3510                           0               
    95                 503                            0               
   100                 564                            0               
   105                 243                            0               
   110                 431                            0               
   115                 298                            0               
   120                 388                            0               
   125                 116                            0               
   130                 186                            0               
   135                 240                            0               
   140                 287                            0               
   145                 218                            0               
   150                 239                            0               
   155                 331                            0               
   160                 193                            0               
   165                 279                            0               
   170                 100                            0               
   175                 181                            0               
   180                  31                            0               
   185                  64                            0               
   190                  70                            0               
   195                  25                            0               
   200                  41                            0               
   205                  4                             0               
   210                  55                            0               
   215                  52                            0               
   220                  1                             0               
   225                  7                             0               
   230                  15                            0               
   235                  4                             0               
   240                  0                             0               
   245                  0                             0               
   250                  0                             0               
   255                  0                             0               
   260                  1                             0               
   265                  0                             0               
   270                  0                             0               
   275                  0                             0               
   280                  0                             0               
   285                  0                             0               
   290                  0                             0               
   295                  0                             0               
   300                  0                             0               
   305                  0                             0               
   310                  0                             0               
   315                  0                             0               
   320                  0                             0               
   325                  0                             0               
   330                  0                             0               
   335                  0                             0               
   340                  0                             0               
   345                  0                             0               
   350                  0                             0               
   355                  0                             0               
   360                  0                             0               
   365                  0                             0               
   370                  0                             0               
   375                  0                             0               
   380                  0                             0               
   385                  0                             0               
   390                  0                             0               
   395                  0                           49002             
