 latency     num of prefetch L1 hits      num of prefetch L1 misses   
    50                  0                             0               
    55                  0                             0               
    60                  0                             0               
    65                  0                             0               
    70                  14                            0               
    75                 7384                           0               
    80                 5972                           0               
    85                24059                           0               
    90                 4880                           0               
    95                 4082                           0               
   100                 1692                           0               
   105                 300                            0               
   110                 390                            0               
   115                 112                            0               
   120                  54                            0               
   125                  13                            0               
   130                  9                             0               
   135                  4                             0               
   140                  3                             0               
   145                  3                             0               
   150                  2                             0               
   155                  1                             0               
   160                  0                             0               
   165                  1                             0               
   170                  0                             0               
   175                  1                             0               
   180                  0                             0               
   185                  0                             0               
   190                  0                            701              
   195                  0                            2926             
   200                  0                           17100             
   205                  0                           11020             
   210                  0                            5174             
   215                  0                            3936             
   220                  0                            3366             
   225                  0                            1112             
   230                  0                            1122             
   235                  1                            425              
   240                  0                            567              
   245                  0                            348              
   250                  0                            429              
   255                  0                            221              
   260                  0                            215              
   265                  0                            108              
   270                  0                             69              
   275                  0                             30              
   280                  2                             24              
   285                  1                             10              
   290                  2                             9               
   295                  1                             8               
   300                  4                             7               
   305                  2                             3               
   310                  1                             2               
   315                  1                             1               
   320                  1                             1               
   325                  0                             1               
   330                  1                             1               
   335                  0                             1               
   340                  0                             1               
   345                  0                             0               
   350                  1                             1               
   355                  0                             1               
   360                  0                             2               
   365                  0                             0               
   370                  0                             0               
   375                  0                             0               
   380                  0                             0               
   385                  0                             0               
   390                  0                             0               
   395                  0                             65              
